1
928
1098
1102
1149
1177
1194
1201
1206
1237
1280
1284
1294
1307
1323
1341
1383
1385
1412
1423
1471
1484
1492
1504
1536
1571
1575
1578
1614
1696
1709
1813
1833
1861
1883
1926
1929
1950
1951
2024
2051
2083
2108
2170
2208
2320
2396
2415
2433
2511
2551
2635
2661
2674
2691
2711
2765
2809
2877
2969
2972
3033
3085
3159
3171
3192
3234
3241
3320
3339
3406
3409
3410
3412
3461
3464
3473
3485
3509
3545
3559
3564
3569
3580
3601
3676
3678
3680
3731
3759
3781
3823
3825
3848
3912
3952
4038
4047
4158
4232
4297
4318
4322
4398
4415
4419
4484
4563
4574
4596
4602
4608
4619
4653
4662
4737
4780
4793
4817
4870
4885
4974
4988
5026
5058
5059
5151
5153
5158
5301
5306
5315
5415
5442
5519
5537
5539
5591
5606
5629
5717
5734
5745
5747
5810
5834
5868
6108
6137
6140
6154
6219
6262
6363
6430
6439
6470
6471
6504
6525
6551
6559
6561
6562
6580
6614
6672
6722
6765
6791
6798
6808
6931
6958
6962
6992
7014
7054
7057
7058
7062
7081
7105
7145
7171
7202
7232
7243
7275
7277
7289
7304
7308
7321
7325
7344
7345
7421
7442
7499
7534
7587
7593
7649
7652
7689
7795
7848
7857
7971
7997
8022
8057
8061
8072
8080
8097
8154
8194
8209
8230
8264
8268
8334
8403
8437
8445
8464
8482
8501
8540
8555
8572
8588
8603
8614
8654
8769
8832
8838
8850
8863
8888
8900
8937
8985
9026
9047
9090
9094
9114
9246
9250
9300
9307
9346
9393
9402
9409
9449
9496
9514
9585
9615
9698
9717
9792
9799
9801
9858
9894
9991
10108
10272
10304
10311
10433
10449
10468
10473
10492
10498
10499
10538
10540
10568
10579
10581
10609
10611
10630
10655
10727
10750
10752
10760
10799
10832
10835
10858
10927
10994
11034
11069
11110
11168
11183
11197
11202
11255
11282
11293
11314
11357
11391
11412
11456
11488
11544
11550
11560
11628
11640
11656
11711
11726
11727
11742
11752
11754
11842
12112
12131
12204
12242
12245
12257
12261
12275
12313
12314
12350
12426
12436
12487
12523
12542
12553
12565
12603
12615
12741
12748
12776
12818
12830
12831
12836
12872
12898
13000
13006
13031
13055
13061
13121
13135
13196
13198
13216
13231
13281
13325
13342
13351
13404
13436
13437
13450
13477
13506
13523
13531
13538
13543
13646
13657
13674
13675
13713
13719
13747
13766
13777
13788
13824
13844
13882
13902
13914
13920
13921
13943
13957
13972
13976
14019
14037
14082
14123
14177
14183
14188
14235
14257
14304
14375
14400
14553
14578
14603
14606
14637
14639
14665
14693
14772
14780
14815
14846
14880
14881
14884
14903
14920
14948
14967
14985
14997
15030
15050
15086
15122
15126
15155
15178
15185
15190
15262
15264
15286
15334
15341
15357
15367
15377
15387
15458
15463
15492
15547
15598
15608
15637
15647
15659
15696
15711
15767
15798
15922
16021
16036
16094
16104
16208
16231
16273
16303
16336
16355
16459
16493
16507
16520
16633
16708
16725
16727
16750
16751
16754
16890
16988
16994
16995
17018
17032
17063
17112
17138
17154
17161
17195
17202
17218
17223
17230
17246
17299
17360
17401
17455
17481
17483
17484
17512
17528
17572
17607
17610
17627
17668
17685
17715
17730
17752
17785
17791
17797
17814
17832
17836
17860
17874
17927
17957
17982
17990
18068
18122
18124
18152
18200
18212
18218
18238
18245
18285
18335
18342
18344
18346
18388
18511
18602
18603
18606
18621
18654
18703
18720
18739
18876
18981
19016
19024
19069
19081
19089
19129
19139
19156
19191
19192
19225
19232
19240
19280
19281
19303
19325
19330
19366
19373
19388
19406
19439
19469
19476
19480
19525
19539
19540
19553
19577
19633
19652
19676
19681
19699
19726
19735
19762
19774
19789
19829
19840
19847
19938
20025
20037
20052
20060
20067
20080
20126
20160
20214
20274
20285
20297
20313
20316
20317
20348
20408
20415
20450
20465
20490
20541
20545
20547
20604
20645
20668
20683
20698
20702
20713
20769
20782
20843
20875
20887
20908
20925
20958
20984
21019
21052
21075
21086
21098
21123
21158
21164
21181
21186
21207
21212
21297
21304
21317
21320
21337
21345
21390
21403
21412
21413
21424
21430
21482
21508
21520
21530
21541
21550
21661
21671
21753
21820
21827
21879
21884
21938
21967
21971
21995
22007
22025
22031
22034
22042
22065
22101
22120
22129
22213
22228
22231
22263
22269
22322
22353
22376
22412
22430
22463
22468
22509
22571
22604
22613
22630
22646
22694
22735
22737
22753
22765
22770
22774
22806
22816
22823
22826
22853
22890
22900
22923
22939
22961
23007
23018
23030
23112
23150
23207
23215
23298
23302
23308
23310
23322
23325
23328
23345
23348
23417
23426
23450
23460
23491
23496
23542
23577
23616
23710
23724
23735
23779
23821
23840
23842
23858
23891
23903
23917
23924
23940
23943
23951
24005
24033
24072
24087
24090
24106
24111
24112
24114
24121
24131
24143
24178
24225
24291
24307
24309
24314
24348
24369
24416
24429
24451
24472
24491
24525
24539
24619
24626
24662
24690
24695
24720
24722
24969
24996
25001
25034
25059
25093
25114
25118
25144
25198
25211
25225
25229
25242
25283
25299
25324
25347
25359
25392
25431
25455
25466
25501
25523
25558
25566
25582
25589
25649
25660
25682
25687
25702
25710
25726
25752
25807
25818
25881
25919
25923
26023
26077
26087
26111
26184
26202
26282
26309
26329
26332
26333
26334
26349
26362
26373
26401
26418
26430
26435
26447
26452
26460
26462
26486
26491
26512
26520
26525
26543
26575
26585
26640
26704
26710
26713
26715
26745
26760
26792
26846
26851
26872
26943
26980
26991
27072
27081
27091
27095
27164
27179
27188
27245
27274
27290
27293
27294
27305
27336
27410
27471
27533
27602
27615
27686
27696
27708
27727
27734
27762
27772
27781
27809
27843
27873
27921
27922
27969
28019
28080
28134
28163
28194
28195
28242
28310
28324
28357
28369
28376
28394
28397
28422
28428
28458
28527
28568
28578
28642
28686
28722
28730
28738
28749
28765
28769
28792
28799
28833
28844
28850
28864
28886
28898
28957
28981
28995
29025
29027
29037
29082
29093
29125
29212
29220
29312
29349
29351
29372
29375
29406
29424
29503
29525
29535
29539
29557
29590
29591
29619
29629
29665
29676
29686
29757
29771
29776
29797
29799
29806
29807
29823
29838
29869
29902
29908
29919
29931
29935
29941
29951
29957
30001
30023
30032
30035
30038
30042
30051
30126
30129
30131
30137
30141
30149
30155
30160
30169
30230
30282
30283
30289
30317
30342
30373
30399
30415
30440
30444
30492
30545
30566
30595
30632
30676
30682
30700
30737
30738
30779
30821
30847
30850
30871
30877
30879
30954
30965
31005
31036
31039
31042
31043
31053
31056
31069
31071
31088
31113
31148
31169
31174
31180
31213
31215
31223
31234
31238
31240
31302
31327
31355
31359
31367
31383
31391
31405
31433
31462
31493
31509
31528
31530
31571
31669
31675
31676
31689
31704
31705
31718
31770
31773
31806
31827
31843
31859
31896
31905
31924
31973
31975
32018
32042
32044
32046
32048
32083
32110
32130
32189
32241
32320
32368
32373
32395
32412
32419
32438
32439
32467
32473
32477
32494
32498
32525
32536
32558
32573
32599
32607
32611
32616
32638
32656
32683
32717
32729
32732
32764
32780
32797
32831
32842
32867
32882
32937
32949
32952
33029
33045
33112
33169
33186
33220
33242
33248
33249
33257
33298
33301
33309
33335
33354
33365
33379
33391
33394
33416
33463
33492
33500
33535
33551
33582
33606
33627
33635
33671
33675
33711
33756
33822
33827
33836
33840
33857
33931
33964
33967
33998
34001
34029
34049
34053
34057
34072
34073
34074
34079
34080
34094
34110
34149
34156
34169
34204
34224
34261
34263
34272
34275
34299
34382
34391
34395
34413
34465
34470
34484
34488
34494
34522
34525
34532
34549
34567
34584
34626
34653
34655
34675
34680
34695
34735
34762
34809
34822
34837
34864
34903
34927
34943
34945
34952
34965
35014
35031
35034
35057
35067
35076
35085
35094
35132
35156
35163
35189
35220
35237
35269
35292
35407
35464
35477
35491
35499
35514
35525
35532
35538
35548
35625
35638
35679
35784
35787
35803
35812
35860
35863
35877
35907
35916
35929
35950
35964
36001
36002
36009
36024
36033
36040
36119
36185
36210
36223
36235
36268
36273
36288
36298
36306
36307
36312
36313
36331
36336
36351
36352
36362
36377
36396
36409
36415
36441
36443
36464
36468
36471
36485
36507
36518
36610
36615
36637
36655
36701
36706
36766
36771
36786
36819
36825
36830
36832
36836
36849
36879
36885
36955
36960
36974
36980
36982
36993
37023
37041
37042
37048
37058
37116
37122
37178
37185
37229
37233
37262
37305
37313
37412
37432
37450
37454
37475
37525
37536
37541
37554
37587
37591
37597
37600
37608
37619
37630
37650
37657
37665
37673
37704
37713
37781
37799
37809
37813
37855
37879
37886
37895
37920
37940
37949
37971
37974
37985
37992
38016
38024
38061
38069
38078
38114
38122
38160
38272
38292
38295
38305
38355
38361
38380
38390
38394
38530
38535
38553
38567
38586
38602
38641
38645
38668
38682
38756
38792
38797
38807
38836
38867
38935
38971
39002
39007
39015
39037
39080
39085
39097
39102
39135
39154
39159
39165
39189
39209
39227
39234
39247
39251
39295
39322
39353
39355
39360
39365
39384
39396
39424
39439
39442
39444
39457
39470
39480
39526
39533
39549
39607
39618
39619
39622
39643
39657
39681
39718
39719
39726
39752
39771
39787
39803
39805
39827
39860
39876
39878
39884
39902
39907
39908
39919
39944
39986
40066
40068
40119
40124
40133
40136
40205
40213
40220
40248
40252
40326
40329
40339
40342
40356
40372
40377
40389
40403
40406
40455
40460
40524
40541
40556
40588
40606
40615
40659
40660
40674
40708
40719
40739
40750
40764
40804
40825
40829
40841
40847
40859
40895
40898
40900
40906
40908
40915
40918
40943
40970
40977
40991
41041
41125
41129
41138
41150
41186
41201
41206
41289
41305
41317
41319
41322
41325
41379
41382
41400
41417
41420
41431
41444
41454
41470
41474
41485
41489
41491
41535
41546
41572
41574
41698
41714
41721
41740
41743
41753
41821
41846
41858
41872
41886
41892
41899
41905
41913
41974
42005
42032
42033
42043
42075
42077
42086
42089
42181
42229
42231
42234
42240
42272
42347
42362
42389
42448
42498
42502
42518
42544
42567
42575
42581
42627
42634
42642
42666
42669
42690
42694
42704
42705
42734
42764
42797
42804
42828
42839
42871
42873
42887
42962
42970
42993
43009
43011
43022
43025
43032
43041
43089
43099
43121
43134
43149
43152
43174
43194
43216
43236
43247
43257
43286
43330
43394
43405
43420
43426
43454
43503
43527
43556
43557
43562
43566
43572
43573
43575
43593
43596
43643
43667
43696
43698
43734
43779
43797
43805
43815
43853
43867
43947
43958
43959
44011
44020
44053
44075
44076
44100
44101
44105
44128
44165
44199
44210
44273
44274
44299
44302
44334
44371
44380
44433
44451
44462
44466
44494
44498
44522
44555
44560
44565
44574
44585
44618
44636
44648
44656
44716
44741
44753
44758
44759
44775
44837
44860
44868
44891
44895
44898
44940
44954
44983
44990
44993
45022
45032
45034
45039
45044
45056
45096
45100
45113
45254
45255
45256
45264
45269
45274
45283
45292
45327
45347
45357
45360
45362
45373
45384
45385
45408
45435
45473
45485
45492
45540
45544
45555
45604
45609
45610
45650
45666
45676
45679
45681
45723
45731
45757
45813
45822
45825
45859
45879
45909
45925
45975
45992
46030
46055
46059
46065
46113
46139
46153
46180
46187
46191
46207
46240
46241
46267
46296
46299
46314
46318
46320
46325
46331
46336
46339
46357
46369
46407
46423
46445
46483
46487
46492
46507
46512
46519
46542
46549
46606
46634
46635
46654
46660
46673
46701
46711
46712
46727
46749
46760
46772
46787
46813
46835
46840
46884
46909
46921
46929
46941
46945
46996
47014
47015
47016
47030
47033
47040
47052
47096
47100
47136
47145
47191
47195
47197
47207
47264
47269
47287
47293
47300
47368
47374
47378
47382
47410
47420
47454
47460
47475
47492
47512
47522
47565
47567
47582
47620
47646
47653
47684
47708
47715
47750
47754
47770
47772
47777
47797
47825
47845
47858
47867
47874
47885
47918
47949
47967
47970
47998
48000
48011
48027
48033
48056
48058
48199
48223
48247
48252
48275
48326
48331
48353
48387
48394
48406
48462
48468
48472
48504
48518
48520
48570
48583
48599
48603
48616
48628
48650
48708
48722
48727
48730
48740
48741
48772
48777
48793
48819
48824
48886
48896
48931
48965
48995
49003
49005
49015
49020
49042
49067
49069
49094
49098
49122
49126
49145
49150
49159
49204
49242
49258
49308
49318
49323
49333
49339
49373
49434
49502
49510
49549
49571
49589
49603
49606
49614
49620
49643
49659
49674
49680
49695
49707
49713
49719
49723
49755
49787
49819
49828
49835
49864
49872
49965
49993
50016
50019
50030
50047
50097
50109
50151
50175
50178
50193
50238
50262
50268
50300
50302
50307
50336
50362
50372
50407
50417
50422
50431
50494
50521
50526
50546
50584
50618
50629
50632
50654
50661
50667
50678
50691
50700
50706
50720
50747
50760
50773
50807
50876
50879
50885
50899
50906
50908
50914
50917
50937
50956
50984
50987
51009
51019
51038
51051
51101
51102
51105
51107
51118
51129
51135
51141
51145
51182
51188
51194
51203
51204
51218
51240
51251
51293
51295
51297
51311
51380
51384
51419
51438
51439
51464
51473
51489
51542
51582
51608
51617
51635
51638
51648
51673
51674
51689
51702
51762
51777
51807
51838
51840
51845
51851
51852
51871
51912
51925
51973
51976
52008
52009
52046
52085
52128
52135
52141
52175
52213
52222
52251
52260
52280
52284
52306
52324
52348
52350
52354
52370
52391
52407
52408
52414
52421
52458
52476
52487
52513
52522
52569
52572
52576
52617
52618
52645
52655
52725
52739
52761
52768
52831
52832
52835
52870
52873
52888
52890
52909
52916
52919
52922
52925
52950
52957
52997
53004
53043
53101
53103
53126
53128
53160
53166
53177
53178
53193
53220
53250
53256
53264
53287
53327
53382
53390
53414
53429
53456
53478
53481
53487
53508
53511
53514
53552
53572
53593
53645
53713
53727
53740
53814
53833
53834
53848
53856
53870
53871
53884
53923
53930
53941
53959
53961
53963
53981
53991
54014
54027
54032
54050
54083
54138
54142
54168
54172
54173
54206
54209
54216
54235
54249
54252
54258
54261
54324
54327
54391
54403
54434
54440
54444
54445
54473
54486
54496
54501
54510
54523
54536
54545
54555
54579
54586
54601
54602
54635
54644
54645
54647
54650
54657
54668
54672
54678
54704
54705
54708
54731
54753
54758
54763
54773
54774
54790
54809
54817
54829
54837
54850
54966
54983
55012
55061
55074
55077
55140
55156
55179
55188
55216
55227
55280
55289
55300
55312
55313
55314
55346
55355
55487
55488
55495
55503
55531
55548
55567
55573
55587
55591
55592
55640
55672
55687
55759
55768
55817
55837
55847
55853
55875
55878
55897
55898
55902
55905
55934
55955
55986
56009
56024
56049
56055
56060
56085
56121
56158
56159
56160
56215
56218
56228
56244
56256
56257
56277
56288
56306
56311
56316
56336
56359
56362
56364
56389
56397
56410
56474
56486
56505
56509
56539
56548
56566
56567
56585
56596
56607
56608
56641
56645
56658
56660
56669
56676
56697
56709
56741
56767
56768
56783
56792
56866
56871
56885
56886
56906
56923
56925
56929
56932
56933
56947
56965
56966
56996
56997
57003
57020
57024
57039
57065
57073
57093
57113
57145
57155
57158
57163
57184
57220
57241
57259
57288
57322
57374
57411
57416
57481
57482
57534
57558
57625
57626
57645
57647
57660
57668
57704
57705
57723
57733
57776
57799
57858
57863
57884
57900
57907
57920
57933
57994
58020
58047
58054
58059
58090
58116
58136
58142
58147
58153
58172
58189
58214
58221
58248
58249
58267
58274
58286
58302
58331
58349
58376
58437
58473
58491
58511
58524
58527
58531
58569
58598
58622
58637
58668
58677
58683
58695
58733
58753
58787
58810
58823
58829
58852
58858
58892
58895
58927
58929
59005
59034
59037
59049
59053
59074
59099
59139
59141
59145
59171
59228
59262
59268
59275
59282
59291
59297
59326
59331
59346
59350
59361
59373
59400
59408
59421
59426
59456
59466
59516
59525
59551
59575
59602
59610
59634
59646
59652
59669
59680
59691
59692
59711
59715
59718
59730
59736
59755
59765
59771
59783
59785
59854
59855
59858
59880
59881
59911
59945
59973
59977
59987
60011
60015
60036
60040
60059
60078
60097
60141
60152
60169
60185
60186
60213
60215
60236
60252
60288
60326
60363
60372
60383
60399
60417
60444
60445
60465
60467
60468
60483
60498
60499
60516
60534
60557
60587
60590
60596
60602
60612
60614
60619
60625
60657
60664
60699
60734
60749
60752
60758
60766
60768
60776
60822
60878
60883
60884
60886
60900
60926
60970
60973
61011
61018
61049
61065
61069
61077
61084
61129
61154
61166
61167
61184
61192
61215
61224
61239
61240
61270
61283
61284
61335
61336
61371
61390
61434
61439
61458
61492
61497
61517
61544
61550
61557
61561
61583
61589
61592
61594
61604
61644
61645
61650
61654
61673
61683
61729
61760
61814
61820
61875
61891
61908
61943
61957
61985
61997
62002
62006
62019
62027
62035
62038
62093
62098
62102
62127
62133
62145
62177
62185
62225
62232
62252
62276
62297
62299
62320
62333
62366
62367
62434
62476
62481
62483
62505
62523
62527
62532
62546
62558
62584
62594
62595
62624
62662
62714
62731
62746
62751
62770
62773
62777
62811
62841
62854
62862
62878
62882
62903
62907
62940
62942
62977
62986
63025
63029
63049
63051
63075
63097
63118
63131
63132
63137
63181
63194
63197
63221
63224
63227
63232
63236
63247
63265
63268
63276
63286
63287
63295
63298
63302
63338
63346
63359
63360
63395
63399
63447
63472
63478
63500
63502
63530
63558
63613
63645
63677
63693
63710
63786
63797
63800
63804
63877
63933
63958
63959
63977
64006
64012
64037
64039
64040
64057
64082
64093
64143
64144
64156
64173
64184
64187
64209
64233
64284
64305
64322
64327
64350
64351
64362
64376
64380
64386
64405
64423
64425
64431
64440
64442
64448
64490
64495
64505
64574
64583
64589
64594
64606
64629
64635
64645
64655
64657
64676
64690
64696
64701
64707
64715
64720
64738
64769
64775
64785
64801
64843
64889
64890
64926
64929
64951
64952
64963
64973
64979
64990
65000
65023
65025
65046
65047
65113
65119
65120
65121
65125
65155
65170
65184
65185
65189
65247
65304
65365
65377
65385
65404
65430
65442
65456
65458
65471
65484
65499
65507
65508
65532
65560
65573
65584
65596
65600
65602
65616
65618
65652
65663
65712
65745
65750
65754
65767
65787
65788
65815
65816
65840
65845
65854
65865
65878
65892
65910
65934
65936
65939
65949
65980
65983
65992
66002
66034
66036
66053
66067
66071
66082
66094
66095
66145
66156
66177
66188
66199
66222
66229
66241
66247
66251
66295
66318
66325
66334
66354
66358
66362
66377
66384
66402
66416
66452
66465
66467
66497
66502
66510
66559
66582
66590
66591
66624
66706
66709
66714
66718
66756
66797
66844
66861
66870
66883
66885
66899
66916
66937
66940
66953
66968
66992
66993
66994
67045
67065
67068
67076
67099
67102
67106
67156
67169
67171
67181
67205
67221
67233
67240
67259
67268
67307
67329
67363
67377
67379
67413
67414
67416
67420
67457
67473
67500
67537
67559
67579
67593
67605
67608
67609
67629
67635
67674
67680
67700
67706
67713
67718
67734
67801
67822
67831
67871
67896
67913
67931
67957
67979
67990
68024
68025
68035
68037
68052
68065
68069
68107
68123
68130
68143
68168
68173
68187
68201
68210
68216
68220
68221
68248
68251
68311
68314
68343
68353
68361
68365
68366
68375
68379
68407
68418
68420
68426
68427
68433
68451
68459
68460
68461
68467
68468
68499
68503
68520
68560
68572
68590
68622
68670
68679
68708
68722
68748
68771
68777
68779
68784
68808
68822
68865
68892
68914
68935
68936
68984
69036
69050
69083
69125
69140
69167
69220
69260
69301
69303
69309
69328
69346
69368
69373
69380
69387
69398
69423
69446
69456
69476
69480
69486
69508
69515
69520
69557
69569
69572
69589
69594
69596
69608
69647
69657
69660
69677
69701
69703
69744
69757
69762
69767
69773
69836
69875
69886
69949
69952
69988
70026
70041
70056
70082
70117
70123
70132
70142
70144
70165
70177
70194
70197
70282
70283
70290
70301
70333
70354
70388
70390
70409
70448
70452
70460
70502
70514
70539
70550
70566
70592
70597
70617
70629
70635
70704
70707
70746
70753
70782
70816
70825
70840
70845
70885
70892
70903
70912
70935
70939
70946
70978
71004
71029
71031
71054
71055
71116
71179
71191
71193
71198
71239
71244
71266
71270
71278
71280
71296
71324
71346
71353
71371
71372
71379
71382
71387
71388
71419
71460
71464
71477
71502
71519
71522
71535
71569
71581
71590
71594
71615
71636
71648
71679
71687
71688
71726
71755
71811
71817
71837
71855
71894
71913
71942
71944
71951
71955
71958
71961
71975
71982
71983
71998
72010
72014
72015
72021
72047
72053
72084
72109
72130
72133
72155
72167
72174
72194
72215
72216
72243
72276
72294
72310
72328
72339
72364
72369
72375
72378
72391
72398
72399
72400
72465
72493
72507
72509
72550
72557
72574
72575
72588
72592
72624
72630
72648
72649
72658
72663
72698
72751
72778
72800
72820
72833
72838
72865
72868
72894
72936
72938
72942
72961
72977
73009
73038
73064
73066
73095
73100
73126
73147
73160
73161
73163
73197
73200
73205
73210
73225
73241
73243
73262
73265
73281
73310
73316
73342
73385
73390
73401
73415
73432
73453
73510
73514
73521
73531
73532
73538
73541
73561
73589
73594
73600
73612
73613
73619
73622
73629
73635
73640
73644
73659
73667
73694
73699
73719
73724
73744
73746
73751
73802
73816
73822
73847
73853
73857
73861
73874
73881
73901
73905
73920
73921
73932
73933
73939
74018
74046
74100
74101
74114
74170
74177
74204
74248
74257
74267
74310
74342
74352
74369
74383
74396
74404
74458
74504
74509
74526
74538
74544
74579
74594
74605
74611
74613
74626
74635
74640
74668
74697
74699
74714
74740
74782
74786
74792
74797
74801
74840
74861
74883
74901
74903
74907
74915
74920
74985
75007
75011
75014
75043
75055
75057
75089
75106
75107
75123
75209
75231
75232
75263
75265
75269
75291
75292
75313
75326
75351
75367
75376
75419
75442
75474
75497
75507
75512
75557
75570
75581
75601
75613
75631
75647
75657
75660
75673
75706
75718
75734
75736
75794
75799
75847
75863
75875
75908
75923
75931
75969
75985
75988
75989
75990
76027
76032
76054
76055
76059
76063
76085
76094
76103
76117
76126
76144
76159
76162
76169
76187
76193
76198
76222
76226
76258
76262
76282
76305
76330
76351
76362
76377
76393
76430
76451
76460
76484
76563
76610
76637
76648
76673
76682
76690
76702
76716
76722
76756
76782
76792
76795
76803
76833
76853
76872
76899
76925
76933
76942
76961
76978
77025
77028
77032
77039
77049
77053
77115
77119
77127
77131
77141
77142
77147
77165
77182
77198
77216
77223
77274
77312
77333
77365
77374
77376
77386
77404
77412
77425
77439
77444
77454
77462
77494
77503
77557
77559
77572
77600
77710
77712
77761
77769
77815
77819
77821
77847
77868
77903
77904
77906
77918
77942
77951
77960
77972
77985
78003
78013
78014
78019
78025
78041
78086
78089
78098
78103
78123
78137
78168
78193
78194
78219
78222
78237
78241
78260
78263
78276
78290
78291
78307
78318
78327
78400
78468
78480
78482
78483
78510
78516
78520
78525
78583
78600
78611
78616
78619
78620
78632
78646
78668
78701
78744
78760
78761
78775
78797
78827
78830
78841
78843
78874
78875
78898
78945
78977
78984
79010
79019
79024
79030
79038
79040
79042
79076
79081
79089
79092
79095
79105
79174
79186
79203
79218
79262
79329
79343
79405
79416
79449
79490
79496
79498
79517
79519
79539
79560
79584
79590
79624
79639
79655
79678
79690
79699
79704
79714
79720
79724
79746
79748
79757
79793
79878
79882
79905
79967
80030
80047
80049
80081
80118
80123
80161
80184
80210
80218
80238
80250
80257
80261
80303
80349
80369
80377
80445
80459
80463
80470
80489
80494
80496
80512
80519
80521
80526
80541
80558
80581
80587
80591
80602
80616
80628
80635
80636
80670
80673
80680
80702
80728
80744
80770
80813
80818
80829
80833
80856
80871
80874
80886
80917
80966
80969
81000
81003
81025
81028
81072
81084
81094
81107
81158
81174
81175
81185
81195
81203
81212
81219
81281
81284
81301
81320
81323
81353
81379
81386
81413
81456
81470
81473
81475
81537
81563
81565
81570
81616
81641
81683
81696
81762
81811
81832
81886
81911
81944
81951
81970
81990
82024
82062
82070
82071
82077
82097
82099
82127
82169
82186
82208
82225
82255
82280
82293
82297
82310
82331
82348
82398
82400
82412
82444
82451
82489
82502
82511
82516
82523
82538
82552
82557
82586
82626
82629
82655
82715
82741
82747
82756
82766
82785
82814
82818
82860
82861
82863
82877
82887
82898
82932
82968
82977
82982
82995
83013
83035
83082
83118
83152
83193
83255
83295
83311
83327
83336
83337
83348
83349
83367
83370
83371
83378
83381
83391
83422
83430
83447
83463
83492
83520
83535
83567
83618
83625
83632
83657
83694
83730
83741
83787
83788
83802
83812
83832
83873
83879
83901
83908
83928
83955
83991
83992
84016
84026
84035
84096
84115
84120
84135
84136
84139
84144
84181
84245
84251
84257
84261
84271
84282
84310
84330
84354
84370
84375
84382
84405
84415
84423
84434
84441
84453
84457
84499
84507
84525
84527
84544
84560
84564
84565
84572
84594
84623
84637
84656
84672
84700
84706
84707
84768
84807
84812
84891
84897
84899
84906
84963
85012
85021
85022
85030
85033
85051
85059
85067
85070
85076
85082
85113
85122
85165
85176
85189
85218
85238
85281
85294
85296
85297
85303
85306
85319
85324
85353
85372
85401
85415
85420
85437
85449
85451
85508
85517
85525
85529
85549
85559
85561
85565
85587
85591
85629
85638
85654
85676
85687
85695
85697
85709
85746
85768
85775
85780
85806
85811
85819
85826
85850
85864
85885
85902
85919
85944
85958
85965
85967
85969
85982
85992
86006
86012
86033
86040
86062
86076
86079
86092
86095
86103
86138
86141
86143
86228
86230
86250
86267
86275
86277
86289
86306
86320
86325
86351
86364
86380
86410
86435
86455
86470
86473
86481
86482
86523
86525
86527
86532
86575
86577
86612
86654
86685
86728
86739
86746
86753
86756
86760
86770
86783
86830
86899
86905
86912
86921
86939
86948
86964
86995
86998
87010
87016
87018
87031
87056
87083
87109
87115
87150
87201
87207
87211
87217
87261
87268
87276
87289
87291
87352
87370
87391
87430
87436
87474
87485
87499
87507
87524
87545
87554
87567
87585
87632
87638
87651
87660
87662
87681
87688
87715
87733
87751
87763
87773
87802
87817
87820
87824
87845
87862
87870
87875
87912
87915
87925
87931
87959
87963
87998
88012
88054
88062
88066
88082
88084
88087
88109
88118
88124
88152
88199
88206
88210
88220
88230
88244
88252
88272
88306
88326
88329
88347
88352
88354
88385
88411
88415
88533
88579
88588
88604
88649
88656
88658
88703
88705
88737
88738
88748
88766
88769
88791
88811
88847
88864
88868
88910
88911
88913
88916
88924
88929
88935
88947
89032
89055
89058
89067
89068
89070
89075
89089
89090
89093
89118
89139
89154
89166
89212
89253
89263
89273
89280
89296
89315
89342
89360
89385
89412
89420
89425
89466
89481
89485
89487
89493
89494
89516
89545
89548
89564
89573
89597
89622
89651
89662
89670
89682
89685
89686
89698
89719
89738
89758
89780
89781
89783
89792
89794
89799
89814
89816
89887
89908
89910
89915
89920
89953
89954
89987
90002
90069
90082
90084
90104
90112
90168
90181
90196
90216
90230
90292
90308
90325
90332
90336
90340
90366
90384
90385
90408
90414
90446
90450
90462
90479
90481
90485
90519
90520
90539
90550
90573
90607
90664
90702
90708
90722
90726
90727
90735
90736
90748
90755
90765
90781
90800
90823
90831
90833
90844
90850
90852
90879
90897
90899
90912
90922
90938
90964
90980
90985
90990
91016
91025
91048
91056
91131
91150
91152
91172
91259
91275
91303
91305
91321
91323
91337
91394
91410
91417
91473
91495
91500
91504
91516
91517
91547
91551
91567
91598
91643
91675
91747
91825
91874
91894
91907
91931
91943
91955
91969
91987
92069
92075
92111
92117
92124
92167
92186
92205
92207
92219
92224
92248
92271
92273
92279
92281
92293
92312
92361
92362
92370
92385
92400
92414
92427
92442
92450
92475
92510
92555
92556
92602
92607
92612
92620
92625
92643
92668
92716
92739
92762
92764
92771
92782
92783
92828
92833
92846
92929
92939
92985
93039
93055
93059
93061
93072
93088
93103
93135
93151
93156
93164
93210
93223
93252
93253
93260
93292
93346
93372
93384
93394
93433
93492
93496
93524
93582
93614
93625
93645
93648
93672
93698
93742
93745
93764
93784
93788
93794
93861
93872
93894
93920
93921
93933
93935
93962
93968
93970
94023
94038
94060
94063
94064
94081
94084
94093
94111
94126
94137
94143
94176
94196
94197
94200
94224
94261
94262
94283
94310
94321
94378
94398
94484
94501
94518
94538
94540
94565
94567
94573
94580
94582
94585
94593
94604
94622
94668
94691
94700
94701
94750
94776
94799
94811
94849
94856
94858
94867
94870
94936
94968
94984
94993
95002
95014
95017
95032
95045
95046
95077
95085
95121
95125
95152
95192
95211
95246
95262
95276
95309
95316
95325
95327
95385
95427
95429
95430
95438
95445
95473
95483
95505
95506
95525
95563
95606
95625
95628
95633
95635
95641
95656
95657
95660
95692
95736
95741
95749
95766
95783
95804
95806
95817
95822
95830
95863
95877
95893
95949
96003
96005
96062
96067
96071
96097
96099
96106
96118
96129
96135
96140
96149
96162
96172
96187
96203
96227
96258
96265
96382
96386
96398
96401
96415
96430
96439
96478
96493
96519
96528
96559
96585
96595
96630
96642
96652
96654
96700
96701
96710
96711
96745
96747
96769
96782
96792
96816
96853
96870
96891
96902
96909
96939
96947
96964
96981
96988
97006
97025
97035
97050
97052
97055
97058
97065
97118
97141
97159
97201
97220
97235
97263
97267
97274
97299
97305
97322
97341
97362
97366
97369
97385
97432
97433
97449
97458
97479
97482
97508
97515
97544
97549
97615
97670
97681
97686
97711
97712
97713
97715
97756
97790
97838
97915
97942
97958
97959
97961
97971
97972
97982
98000
98016
98028
98037
98043
98058
98065
98103
98134
98139
98171
98172
98199
98228
98266
98342
98363
98374
98375
98388
98412
98413
98421
98425
98436
98439
98448
98452
98470
98493
98545
98554
98561
98621
98643
98644
98691
98712
98716
98787
98797
98812
98826
98838
98850
98869
98890
98910
98946
98951
98975
98991
98998
99017
99026
99050
99077
99106
99131
99169
99176
99196
99218
99224
99230
99236
99286
99288
99323
99364
99388
99389
99390
99415
99416
99433
99458
99478
99485
99517
99525
99530
99535
99581
99597
99600
99602
99616
99629
99640
99651
99665
99711
99722
99723
99740
99794
99809
99832
99860
99868
99891
99926
99944
99968
99974
99982
100016
100051
100052
100055
100058
100094
100148
100150
100155
100158
100270
100274
100308
100371
100391
100399
100423
100426
100432
100447
100472
100476
100483
100490
100514
100541
100555
100597
100599
100601
100609
100634
100647
100660
100665
100744
100749
100764
100770
100779
100804
100829
100834
100845
100856
100867
100879
100923
100932
100973
100986
101011
101025
101049
101060
101074
101077
101083
101101
101128
101146
101159
101169
101171
101186
101247
101268
101270
101275
101276
101300
101311
101328
101338
101346
101356
101359
101378
101415
101428
101458
101479
101485
101631
101640
101678
101684
101713
101715
101717
101749
101758
101794
101806
101821
101827
101910
101912
101927
101949
101951
101964
101979
102000
102007
102028
102037
102049
102052
102053
102056
102066
102070
102078
102157
102185
102192
102227
102267
102275
102276
102285
102288
102320
102322
102331
102338
102349
102373
102389
102437
102506
102512
102570
102594
102635
102649
102665
102680
102699
102717
102722
102791
102804
102822
102892
102905
102948
102995
103025
103043
103048
103053
103083
103084
103177
103213
103227
103237
103268
103290
103317
103329
103347
103365
103397
103404
103416
103419
103421
103444
103479
103489
103490
103491
103494
103521
103537
103540
103555
103565
103569
103572
103589
103645
103646
103664
103701
103732
103737
103741
103747
103803
103804
103815
103829
103841
103851
103863
103875
103884
103905
103913
103932
103958
103960
104014
104019
104023
104026
104048
104072
104076
104086
104092
104093
104121
104173
104176
104180
104192
104202
104210
104275
104316
104354
104358
104366
104394
104398
104412
104442
104487
104549
104570
104626
104628
104646
104662
104667
104674
104686
104710
104732
104740
104749
104765
104813
104845
104849
104881
104888
104917
104959
104977
104990
104999
105008
105019
105029
105048
105102
105139
105200
105206
105229
105236
105242
105249
105292
105293
105295
105305
105323
105360
105366
105369
105396
105423
105481
105491
105543
105564
105581
105587
105592
105600
105606
105608
105637
105643
105645
105666
105794
105819
105851
105854
105874
105882
105883
105891
105899
105900
105902
105905
105906
105938
105963
105969
105978
106015
106022
106039
106076
106119
106164
106165
106176
106217
106224
106229
106275
106283
106286
106303
106314
106321
106331
106334
106342
106356
106428
106432
106487
106502
106518
106528
106545
106563
106575
106633
106637
106645
106652
106657
106661
106674
106688
106691
106703
106707
106708
106718
106758
106759
106766
106779
106782
106791
106806
106810
106846
106872
106902
106964
106983
106985
106993
107041
107052
107091
107126
107142
107150
107176
107212
107227
107232
107240
107250
107268
107288
107295
107324
107346
107347
107371
107379
107382
107390
107414
107420
107448
107449
107475
107477
107518
107524
107525
107528
107539
107577
107651
107656
107672
107680
107750
107760
107769
107782
107791
107841
107849
107853
107861
107869
107870
107883
107906
107907
107923
107928
107946
107964
107967
108000
108003
108010
108019
108030
108037
108051
108053
108071
108079
108080
108084
108089
108117
108211
108216
108230
108239
108252
108265
108296
108300
108306
108323
108343
108387
108413
108435
108438
108445
108467
108469
108489
108566
108590
108617
108635
108636
108651
108664
108688
108697
108714
108720
108747
108760
108781
108788
108801
108807
108841
108843
108854
108857
108880
108899
108930
108936
108938
108951
108987
108994
109018
109024
109032
109035
109061
109108
109154
109167
109199
109201
109221
109249
109259
109268
109298
109327
109343
109344
109351
109355
109373
109381
109411
109413
109473
109477
109508
109510
109537
109577
109584
109589
109600
109609
109619
109627
109654
109669
109677
109682
109688
109699
109741
109792
109818
109835
109875
109904
109905
109908
109928
109953
109958
109992
109999
110011
110068
110089
110098
110164
110182
110218
110228
110277
110315
110342
110351
110354
110398
110406
110429
110467
110471
110486
110502
110513
110543
110553
110573
110581
110589
110600
110608
110622
110641
110643
110653
110663
110709
110710
110736
110751
110779
110781
110784
110810
110822
110829
110875
110904
110907
110918
110921
110927
110937
110944
110946
110947
110959
110964
110983
111069
111073
111121
111150
111157
111165
111172
111180
111190
111195
111198
111199
111232
111243
111273
111286
111300
111350
111354
111356
111424
111441
111452
111469
111511
111540
111542
111544
111556
111646
111650
111673
111690
111752
111780
111788
111806
111829
111833
111839
111846
111850
111851
111863
111866
111877
111945
111961
111985
112002
112046
112075
112083
112093
112101
112116
112122
112157
112168
112197
112206
112215
112220
112224
112228
112250
112320
112345
112352
112389
112405
112416
112447
112496
112508
112515
112528
112544
112555
112559
112626
112627
112667
112678
112686
112719
112726
112755
112757
112764
112780
112781
112785
112786
112790
112792
112794
112836
112847
112897
112918
112933
112938
112942
112943
112955
112962
113010
113034
113040
113048
113068
113070
113087
113106
113108
113118
113122
113136
113141
113147
113155
113204
113211
113216
113218
113221
113225
113244
113258
113284
113306
113311
113338
113349
113362
113367
113375
113390
113415
113422
113435
113438
113468
113478
113485
113498
113505
113533
113559
113596
113612
113624
113637
113659
113682
113685
113691
113719
113737
113738
113782
113832
113845
113885
113909
113917
113989
114035
114040
114065
114075
114076
114113
114134
114137
114169
114172
114193
114194
114209
114223
114230
114244
114295
114299
114334
114345
114353
114374
114421
114433
114434
114443
114454
114460
114461
114463
114470
114509
114527
114534
114550
114558
114574
114588
114604
114606
114610
114653
114659
114673
114684
114690
114758
114769
114814
114837
114886
114944
114956
114960
114972
114973
114980
114998
115027
115032
115043
115069
115080
115095
115104
115143
115157
115161
115214
115215
115220
115236
115251
115257
115270
115285
115313
115333
115342
115356
115366
115380
115389
115415
115429
115444
115446
115451
115518
115525
115533
115544
115549
115556
115557
115572
115592
115605
115654
115660
115670
115671
115685
115704
115711
115721
115752
115762
115764
115772
115785
115849
115879
115882
115896
115982
115991
116004
116011
116065
116069
116071
116081
116090
116112
116125
116130
116153
116160
116171
116187
116209
116211
116215
116240
116246
116289
116300
116308
116317
116326
116340
116417
116455
116464
116470
116472
116483
116491
116498
116520
116523
116548
116585
116628
116646
116653
116687
116729
116747
116776
116802
116813
116814
116823
116827
116831
116833
116839
116854
116877
116883
116907
116947
116962
116966
117007
117011
117013
117030
117037
117102
117119
117154
117184
117192
117193
117197
117205
117215
117224
117274
117278
117288
117291
117337
117346
117351
117382
117399
117416
117417
117425
117457
117472
117475
117488
117492
117587
117591
117601
117648
117677
117699
117704
117709
117725
117743
117811
117884
117891
117920
117928
117947
117979
118059
118082
118089
118127
118146
118216
118222
118228
118245
118257
118290
118301
118303
118317
118330
118336
118343
118368
118457
118473
118481
118495
118509
118530
118542
118548
118561
118592
118608
118629
118640
118653
118659
118674
118678
118685
118728
118769
118799
118808
118811
118822
118852
118854
118883
118901
118908
118934
118947
118967
118984
119003
119021
119041
119051
119063
119071
119074
119078
119086
119118
119121
119167
119177
119179
119191
119260
119293
119339
119345
119356
119378
119384
119394
119442
119466
119506
119558
119567
119594
119612
119647
119683
119711
119741
119788
119793
119844
119863
119890
119897
119907
119927
119941
119951
119953
119958
120029
120031
120038
120046
120049
120064
120079
120082
120093
120119
120122
120211
120216
120238
120254
120287
120290
120294
120309
120349
120369
120413
120414
120421
120424
120439
120440
120449
120451
120461
120478
120516
120539
120556
120567
120578
120601
120623
120636
120667
120675
120683
120700
120702
120706
120725
120767
120844
120871
120898
120930
120940
120977
120986
121047
121067
121068
121069
121094
121106
121134
121144
121150
121156
121206
121272
121277
121283
121306
121318
121369
121370
121375
121397
121399
121414
121422
121451
121453
121471
121512
121525
121527
121541
121561
121603
121631
121672
121687
121719
121720
121736
121752
121767
121789
121792
121838
121842
121846
121857
121869
121872
121890
121902
121916
121944
121947
121987
122027
122042
122053
122064
122074
122082
122093
122102
122119
122121
122125
122155
122166
122167
122211
122232
122249
122274
122332
122341
122363
122441
122471
122508
122513
122592
122610
122633
122667
122728
122744
122747
122753
122762
122763
122800
122826
122838
122850
122862
122908
122957
122969
122999
123025
123034
123036
123048
123050
123059
123070
123158
123176
123239
123267
123285
123296
123317
123324
123349
123373
123376
123379
123454
123471
123509
123529
123533
123534
123577
123598
123612
123624
123655
123682
123685
123708
123710
123778
123799
123808
123838
123993
124011
124016
124029
124035
124046
124095
124098
124111
124127
124129
124144
124148
124209
124249
124254
124293
124302
124345
124360
124375
124376
124382
124392
124393
124414
124434
124510
124511
124527
124543
124562
124604
124612
124616
124632
124634
124637
124658
124684
124692
124699
124700
124729
124739
124745
124752
124764
124769
124787
124860
124872
124889
124901
124940
124975
124979
125005
125015
125041
125048
125058
125088
125095
125099
125102
125107
125108
125109
125120
125135
125148
125165
125176
125181
125197
125276
125285
125302
125304
125345
125365
125366
125389
125398
125399
125408
125429
125448
125450
125469
125495
125517
125520
125529
125540
125595
125618
125636
125667
125676
125692
125697
125756
125775
125782
125815
125820
125829
125830
125831
125841
125862
125868
125873
125903
125904
125947
125966
125983
125992
125996
126027
126050
126095
126100
126105
126117
126120
126155
126159
126161
126190
126200
126206
126232
126236
126240
126247
126249
126278
126307
126313
126350
126362
126381
126404
126410
126432
126466
126470
126492
126521
126531
126541
126578
126592
126620
126648
126655
126682
126691
126748
126752
126769
126775
126805
126821
126850
126870
126942
126991
127013
127030
127047
127059
127066
127078
127085
127088
127116
127129
127163
127168
127183
127191
127202
127207
127223
127229
127305
127318
127322
127328
127357
127379
127405
127425
127427
127430
127435
127454
127457
127465
127473
127491
127493
127495
127517
127546
127578
127612
127654
127697
127742
127746
127749
127753
127762
127764
127798
127806
127809
127831
127836
127879
127892
127898
127922
127942
127949
127960
127966
127995
127997
128002
128036
128054
128083
128103
128156
128170
128186
128195
128196
128204
128214
128230
128291
128331
128334
128335
128356
128360
128437
128462
128494
128497
128519
128570
128583
128595
128652
128673
128702
128715
128728
128731
128747
128760
128773
128789
128820
128824
128833
128854
128889
128902
128916
128970
128978
128988
129005
129024
129058
129077
129103
129107
129112
129113
129132
129146
129149
129154
129192
129275
129291
129306
129321
129346
129350
129354
129371
129395
129410
129417
129430
129438
129463
129467
129468
129515
129535
129546
129547
129559
129582
129598
129601
129617
129619
129620
129623
129628
129639
129642
129645
129667
129683
129713
129736
129743
129746
129757
129773
129786
129797
129804
129821
129840
129845
129858
129867
129874
129892
129936
129943
129959
129968
129972
130013
130020
130043
130058
130064
130071
130073
130075
130089
130098
130123
130135
130175
130184
130186
130210
130232
130249
130265
130294
130295
130298
130345
130354
130373
130392
130419
130434
130435
130445
130467
130492
130498
130503
130533
130565
130601
130602
130607
130612
130614
130615
130620
130624
130639
130643
130669
130690
130706
130710
130716
130720
130726
130742
130786
130808
130815
130824
130830
130831
130849
130852
130874
130938
130961
130973
131013
131064
131077
131081
131088
131142
131193
131195
131205
131211
131216
131236
131252
131274
131297
131305
131311
131312
131324
131352
131355
131387
131394
131411
131422
131445
131480
131528
131532
131566
131580
131599
131608
131648
131661
131664
131666
131678
131688
131718
131721
131775
131779
131783
131817
131821
131843
131859
131893
131898
131900
131911
131953
131966
131987
131997
132009
132037
132043
132053
132071
132087
132090
132104
132118
132119
132138
132141
132160
132162
132189
132192
132196
132230
132232
132235
132263
132280
132285
132308
132316
132328
132334
132346
132357
132362
132365
132369
132377
132414
132421
132434
132445
132454
132458
132478
132516
132527
132533
132549
132582
132583
132602
132624
132645
132654
132673
132686
132701
132708
132716
132729
132743
132746
132773
132793
132794
132808
132809
132826
132850
132868
132887
132897
132912
132914
132922
132926
132930
132954
133007
133019
133045
133048
133084
133087
133108
133158
133172
133246
133252
133266
133288
133297
133303
133313
133359
133377
133384
133395
133408
133429
133434
133466
133467
133474
133478
133484
133485
133495
133550
133592
133613
133621
133631
133644
133648
133650
133658
133664
133669
133670
133672
133676
133689
133710
133712
133722
133724
133759
133768
133816
133827
133840
133856
133858
133859
133864
133871
133890
133935
134003
134016
134019
134085
134090
134118
134175
134220
134244
134254
134264
134284
134295
134302
134306
134360
134376
134393
134437
134440
134447
134478
134502
134505
134506
134511
134543
134567
134586
134606
134638
134649
134656
134690
134697
134709
134724
134728
134759
134773
134781
134785
134790
134800
134838
134859
134868
134891
134904
134944
134949
134999
135001
135033
135036
135089
135097
135129
135130
135138
135145
135155
135157
135169
135186
135208
135210
135244
135281
135298
135375
135377
135384
135389
135428
135433
135445
135457
135488
135496
135504
135524
135539
135557
135566
135604
135647
135667
135686
135710
135711
135718
135724
135734
135779
135791
135814
135835
135843
135867
135900
135902
135931
135947
135978
136066
136072
136087
136124
136135
136138
136157
136160
136220
136232
136236
136240
136242
136249
136253
136254
136260
136265
136298
136318
136320
136337
136340
136382
136388
136413
136464
136476
136501
136511
136518
136524
136538
136544
136556
136574
136582
136584
136595
136596
136636
136644
136675
136676
136684
136701
136705
136728
136747
136748
136749
136778
136779
136795
136799
136813
136814
136818
136836
136852
136854
136859
136894
136898
136911
136924
136926
136938
136943
136951
136973
136979
136990
137011
137016
137019
137046
137051
137060
137066
137067
137070
137108
137117
137150
137174
137177
137199
137203
137206
137208
137243
137244
137278
137315
137329
137340
137358
137372
137379
137380
137394
137441
137455
137457
137474
137482
137531
137558
137560
137633
137639
137661
137712
137742
137759
137803
137806
137810
137845
137870
137928
137932
137983
138027
138084
138117
138119
138121
138147
138168
138172
138174
138179
138182
138194
138218
138267
138281
138293
138320
138343
138356
138361
138374
138375
138381
138396
138399
138433
138448
138477
138483
138509
138521
138522
138535
138612
138645
138660
138714
138745
138834
138835
138852
138874
138877
138882
138886
138887
138901
138945
139003
139014
139022
139029
139051
139056
139062
139070
139073
139092
139197
139237
139242
139258
139265
139272
139308
139311
139324
139331
139352
139357
139362
139370
139414
139433
139437
139445
139448
139483
139519
139535
139550
139554
139557
139559
139578
139590
139592
139626
139646
139667
139728
139761
139811
139830
139876
139879
139905
139959
139962
139967
139979
139988
140030
140043
140066
140104
140209
140213
140217
140256
140291
140300
140306
140320
140367
140381
140387
140388
140401
140429
140489
140502
140505
140514
140520
140555
140575
140611
140617
140651
140685
140698
140729
140733
140751
140759
140766
140886
140890
140906
140913
140935
140936
140952
140968
140984
140988
141030
141041
141053
141058
141078
141080
141082
141102
141169
141183
141184
141188
141196
141204
141210
141274
141278
141285
141302
141314
141315
141328
141341
141347
141366
141367
141423
141455
141464
141526
141551
141581
141595
141605
141611
141613
141652
141664
141668
141686
141716
141719
141720
141738
141743
141756
141757
141766
141774
141788
141811
141844
141846
141848
141888
141904
141974
141977
141984
142006
142011
142070
142086
142120
142134
142153
142181
142196
142209
142217
142226
142227
142229
142233
142238
142247
142297
142322
142363
142369
142373
142411
142437
142451
142612
142622
142634
142688
142752
142753
142756
142790
142823
142836
142868
142869
142886
142891
142896
142897
142921
142926
142954
142963
142975
143018
143033
143122
143129
143130
143141
143179
143184
143189
143243
143263
143288
143314
143342
143350
143363
143377
143392
143409
143465
143489
143505
143507
143510
143515
143534
143583
143589
143605
143609
143634
143758
143772
143774
143775
143780
143794
143799
143891
143912
143929
143944
143946
143958
143962
143964
143992
144016
144037
144087
144088
144096
144102
144136
144140
144169
144184
144185
144207
144230
144237
144243
144264
144282
144347
144361
144389
144414
144422
144450
144459
144481
144495
144559
144582
144629
144646
144649
144709
144712
144728
144739
144751
144797
144800
144817
144821
144854
144889
144895
144956
144958
144961
144988
144996
145000
145027
145073
145085
145099
145111
145139
145145
145155
145163
145168
145174
145189
145210
145213
145237
145248
145283
145287
145349
145434
145492
145511
145523
145524
145539
145544
145550
145577
145590
145593
145621
145630
145633
145635
145679
145693
145716
145737
145753
145766
145774
145785
145799
145825
145862
145902
145917
145920
145923
145933
145938
145949
145954
145960
145988
146004
146005
146043
146066
146069
146092
146095
146105
146111
146124
146127
146134
146142
146164
146193
146234
146244
146269
146304
146347
146385
146390
146406
146427
146447
146464
146475
146479
146506
146507
146508
146514
146517
146525
146530
146564
146568
146571
146580
146613
146614
146630
146657
146659
146674
146675
146717
146751
146758
146762
146769
146792
146796
146904
146907
146919
146935
146942
146957
146966
146977
147001
147014
147061
147097
147108
147131
147137
147141
147147
147184
147190
147228
147251
147260
147264
147282
147317
147336
147340
147358
147375
147385
147397
147402
147444
147447
147475
147567
147568
147570
147573
147586
147610
147639
147647
147653
147674
147687
147708
147728
147730
147732
147734
147738
147741
147747
147753
147780
147806
147811
147827
147830
147844
147848
147877
147912
147914
147926
147981
147988
148015
148073
148076
148079
148081
148088
148092
148094
148099
148161
148180
148196
148207
148225
148237
148245
148258
148265
148266
148320
148333
148350
148351
148359
148371
148393
148406
148461
148464
148467
148498
148505
148522
148530
148551
148565
148570
148581
148601
148653
148662
148669
148685
148709
148721
148734
148736
148737
148738
148791
148792
148827
148829
148831
148885
148889
148903
148978
149006
149046
149055
149061
149092
149108
149121
149122
149126
149136
149146
149186
149198
149207
149210
149226
149233
149255
149273
149278
149333
149376
149436
149447
149471
149501
149505
149510
149524
149529
149548
149578
149583
149606
149608
149614
149632
149633
149643
149644
149658
149747
149770
149787
149823
149824
149831
149851
149862
149881
149905
149917
149973
149985
149999
150019
150035
150041
150067
150070
150097
150102
150127
150138
150196
150204
150220
150234
150236
150252
150277
150278
150280
150290
150309
150379
150384
150395
150399
150403
150426
150456
150461
150471
150522
150523
150539
150547
150583
150614
150625
150627
150638
150659
150661
150664
150672
150707
150710
150711
150734
150812
150841
150847
150862
150869
150891
150920
150921
150935
150942
150948
150951
150952
150955
150994
151062
151066
151075
151090
151102
151105
151124
151126
151159
151172
151223
151229
151231
151236
151251
151252
151257
151260
151276
151329
151333
151342
151351
151357
151359
151362
151376
151406
151409
151455
151469
151492
151509
151516
151545
151560
151582
151592
151607
151655
151663
151765
151772
151780
151784
151820
151827
151849
151891
151896
151917
151936
151940
151952
151955
151959
151972
151973
151993
152013
152022
152025
152027
152041
152071
152102
152103
152113
152132
152156
152187
152213
152251
152267
152281
152305
152323
152359
152364
152371
152431
152435
152459
152478
152489
152516
152527
152528
152617
152638
152645
152674
152691
152741
152755
152760
152785
152791
152801
152814
152839
152840
152841
152842
152849
152877
152903
152915
152919
152976
152981
152985
152998
153025
153027
153029
153047
153063
153065
153074
153103
153123
153143
153147
153158
153161
153163
153215
153220
153272
153404
153493
153495
153555
153573
153624
153678
153685
153694
153748
153762
153782
153851
153861
153888
153908
153909
153934
153943
153947
153972
153986
154006
154023
154026
154027
154051
154102
154139
154151
154181
154184
154189
154195
154196
154212
154248
154259
154274
154290
154302
154303
154314
154316
154319
154322
154328
154356
154367
154377
154416
154459
154462
154494
154520
154555
154560
154566
154575
154589
154590
154602
154630
154637
154648
154656
154707
154709
154716
154740
154756
154764
154788
154803
154810
154821
154838
154852
154893
154913
154917
154924
154938
154949
154963
154994
155008
155021
155038
155046
155092
155128
155162
155187
155188
155189
155225
155237
155246
155257
155284
155300
155322
155349
155362
155399
155413
155431
155466
155473
155505
155513
155527
155549
155563
155604
155627
155655
155665
155672
155687
155756
155758
155764
155767
155768
155878
155896
155925
155932
155961
155964
155989
155996
156008
156011
156014
156039
156043
156060
156092
156093
156126
156138
156172
156181
156234
156273
156304
156309
156315
156317
156323
156332
156370
156373
156401
156404
156442
156464
156501
156523
156559
156573
156588
156597
156630
156634
156648
156670
156674
156702
156707
156733
156734
156767
156768
156797
156829
156852
156853
156860
156874
156906
156926
156927
156934
156938
156940
156945
156971
156974
156977
156989
156992
157016
157020
157031
157035
157042
157083
157125
157134
157145
157169
157178
157239
157240
157272
157284
157331
157362
157367
157368
157405
157467
157480
157483
157497
157528
157535
157536
157539
157559
157571
157639
157661
157692
157693
157698
157731
157741
157784
157796
157802
157807
157812
157823
157824
157878
157882
157883
157891
157901
157930
157959
157961
157969
157995
157996
158003
158012
158029
158039
158045
158048
158103
158128
158140
158149
158195
158199
158202
158234
158299
158354
158373
158381
158408
158429
158460
158473
158482
158483
158534
158552
158565
158567
158582
158597
158620
158636
158655
158690
158722
158740
158764
158790
158795
158807
158810
158824
158852
158853
158891
158894
158905
158977
158995
158999
159039
159085
159091
159096
159101
159113
159120
159129
159156
159157
159161
159182
159184
159274
159278
159282
159310
159312
159314
159319
159329
159335
159361
159363
159389
159408
159410
159411
159418
159419
159420
159449
159533
159566
159577
159579
159610
159621
159641
159684
159708
159713
159733
159762
159822
159827
159865
159870
159881
159900
159907
159911
159929
159938
159951
159968
159982
159992
160018
160055
160096
160126
160131
160149
160181
160211
160215
160265
160275
160279
160288
160306
160339
160358
160359
160365
160374
160388
160391
160399
160410
160418
160448
160477
160498
160504
160534
160580
160585
160623
160643
160654
160676
160700
160721
160737
160770
160775
160825
160870
160913
160925
160958
160967
160987
160993
160994
161007
161042
161056
161060
161066
161070
161073
161084
161089
161093
161112
161115
161120
161134
161145
161147
161174
161182
161183
161185
161199
161216
161230
161246
161250
161286
161294
161310
161463
161504
161534
161548
161594
161612
161627
161646
161754
161758
161759
161763
161830
161858
161899
161918
162015
162041
162066
162087
162088
162096
162099
162131
162137
162212
162221
162224
162239
162241
162242
162261
162306
162323
162326
162330
162370
162378
162410
162418
162425
162438
162449
162478
162491
162492
162494
162498
162502
162512
162521
162528
162556
162574
162576
162578
162615
162628
162656
162672
162674
162678
162708
162710
162718
162742
162750
162843
162844
162845
162861
162863
162867
162992
163004
163018
163031
163045
163060
163078
163103
163135
163141
163147
163166
163173
163179
163184
163235
163239
163243
163266
163320
163339
163341
163351
163377
163404
163426
163450
163457
163459
163464
163485
163487
163521
163523
163551
163555
163598
163616
163623
163657
163672
163675
163703
163711
163733
163781
163791
163795
163803
163813
163844
163876
163885
163908
163925
163946
163949
163965
164036
164043
164075
164088
164132
164138
164145
164160
164167
164185
164195
164243
164264
164338
164347
164366
164368
164375
164388
164430
164432
164451
164469
164494
164546
164589
164605
164721
164727
164731
164759
164775
164781
164820
164855
164879
164896
164899
164919
164946
164949
164963
164988
164994
165045
165090
165127
165131
165156
165166
165173
165186
165240
165299
165300
165343
165383
165408
165430
165448
165461
165467
165492
165545
165557
165576
165615
165653
165670
165671
165692
165693
165722
165737
165767
165768
165789
165794
165814
165838
165851
165882
165894
165902
165944
165951
165974
165984
166011
166046
166074
166079
166087
166104
166129
166137
166152
166166
166168
166188
166189
166190
166227
166262
166279
166290
166301
166306
166332
166334
166344
166381
166384
166386
166407
166433
166438
166439
166440
166446
166458
166493
166565
166570
166639
166678
166698
166708
166719
166738
166743
166763
166819
166851
166867
166914
166915
166929
166940
166967
166987
166994
167004
167009
167041
167076
167106
167114
167133
167150
167172
167188
167210
167212
167230
167269
167293
167297
167304
167308
167328
167334
167351
167368
167405
167414
167418
167423
167444
167456
167460
167466
167494
167542
167558
167586
167590
167644
167648
167649
167653
167662
167681
167690
167771
167775
167776
167794
167857
167860
167870
167887
167952
167955
167956
167967
167970
167982
168006
168021
168047
168063
168087
168123
168125
168130
168157
168176
168179
168300
168333
168355
168377
168398
168420
168424
168425
168454
168462
168500
168522
168526
168567
168569
168575
168617
168619
168628
168641
168689
168697
168734
168735
168761
168774
168802
168811
168865
168869
168870
168878
168916
168923
168937
168948
168957
168972
168981
169025
169032
169037
169038
169044
169049
169073
169090
169103
169106
169107
169133
169146
169167
169184
169224
169234
169236
169250
169262
169301
169331
169347
169349
169357
169372
169382
169386
169407
169408
169415
169447
169449
169455
169457
169459
169465
169478
169487
169490
169508
169544
169557
169586
169598
169620
169653
169658
169668
169687
169694
169701
169720
169726
169738
169773
169779
169802
169807
169822
169824
169832
169849
169863
169873
169886
169893
169922
169935
169971
169996
170006
170009
170013
170062
170066
170112
170124
170186
170219
170220
170232
170238
170240
170247
170275
170277
170299
170318
170323
170390
170391
170397
170404
170454
170456
170460
170464
170469
170479
170503
170508
170510
170512
170516
170523
170524
170537
170556
170565
170607
170622
170651
170657
170664
170665
170691
170708
170732
170751
170752
170762
170774
170794
170809
170828
170834
170873
170875
170888
170901
170921
170965
170972
170982
170987
170997
171022
171042
171057
171067
171071
171078
171125
171128
171189
171233
171245
171260
171299
171302
171303
171315
171355
171361
171363
171396
171447
171453
171476
171480
171501
171514
171542
171548
171556
171585
171622
171637
171709
171726
171730
171737
171760
171775
171782
171789
171804
171821
171829
171837
171861
171877
171898
171921
171928
171936
172001
172002
172004
172005
172071
172073
172080
172113
172119
172158
172164
172180
172184
172192
172195
172227
172245
172248
172257
172272
172280
172293
172323
172336
172355
172358
172361
172431
172451
172467
172474
172486
172497
172534
172539
172552
172631
172636
172642
172648
172707
172753
172809
172818
172827
172902
172930
172942
172971
172983
173043
173048
173061
173128
173133
173146
173157
173179
173181
173214
173220
173232
173239
173257
173262
173286
173307
173354
173358
173374
173401
173426
173474
173477
173513
173514
173583
173592
173635
173637
173639
173649
173660
173680
173722
173729
173744
173761
173772
173817
173849
173870
173878
173882
173886
173896
173909
173912
173923
173930
173958
173971
173973
174118
174134
174161
174172
174194
174218
174222
174252
174266
174279
174304
174305
174320
174324
174330
174336
174355
174356
174371
174389
174433
174469
174521
174530
174538
174609
174616
174632
174633
174663
174666
174669
174673
174683
174691
174706
174723
174819
174829
174830
174833
174849
174912
174928
174941
174952
174954
174956
174969
174992
175029
175049
175057
175064
175074
175102
175119
175132
175135
175154
175179
175198
175199
175220
175259
175281
175282
175287
175307
175318
175333
175371
175373
175433
175460
175499
175538
175545
175568
175581
175587
175622
175628
175635
175641
175669
175704
175746
175788
175809
175826
175871
175887
175922
175940
175946
175957
175961
175964
175966
175968
175973
175988
176029
176040
176048
176086
176090
176132
176152
176164
176205
176221
176224
176295
176298
176325
176342
176345
176416
176432
176456
176457
176484
176485
176499
176518
176544
176549
176563
176564
176586
176587
176626
176630
176643
176672
176703
176718
176759
176762
176766
176770
176813
176865
176873
176917
176918
176924
176933
176972
177002
177023
177047
177070
177080
177116
177117
177123
177125
177126
177146
177225
177248
177257
177306
177340
177341
177343
177349
177353
177364
177430
177438
177465
177467
177479
177490
177500
177526
177529
177531
177550
177556
177608
177678
177707
177755
177843
177850
177874
177905
177961
177965
177980
177999
178072
178104
178144
178177
178182
178206
178207
178211
178213
178216
178241
178242
178245
178255
178300
178338
178354
178369
178378
178435
178458
178467
178492
178501
178638
178674
178681
178693
178706
178707
178730
178755
178780
178788
178794
178822
178828
178829
178843
178860
178870
178874
178875
178880
178885
178941
179003
179004
179024
179034
179050
179052
179055
179072
179089
179097
179160
179176
179191
179197
179210
179305
179312
179356
179372
179380
179381
179421
179486
179512
179526
179555
179591
179597
179599
179603
179633
179654
179714
179720
179727
179767
179774
179811
179815
179818
179846
179857
179875
179886
179929
179933
179992
180009
180014
180023
180048
180069
180073
180108
180137
180157
180166
180179
180182
180185
180203
180234
180236
180238
180291
180295
180311
180313
180331
180347
180373
180452
180465
180478
180479
180484
180519
180542
180553
180557
180587
180637
180641
180644
180658
180659
180687
180690
180703
180712
180723
180732
180740
180742
180801
180802
180812
180820
180842
180848
180875
180897
180910
180920
180921
180923
180968
180974
180980
180982
180996
181007
181013
181023
181087
181091
181111
181120
181123
181148
181161
181166
181172
181192
181212
181218
181229
181290
181296
181309
181329
181356
181360
181393
181400
181433
181444
181499
181507
181547
181557
181566
181569
181595
181615
181624
181631
181645
181677
181690
181767
181769
181798
181803
181807
181831
181837
181865
181880
181885
181896
181910
181913
181920
181931
181937
181994
182025
182053
182056
182062
182073
182074
182096
182128
182144
182152
182153
182174
182176
182200
182240
182260
182274
182290
182299
182360
182368
182381
182465
182495
182556
182585
182643
182659
182698
182716
182739
182759
182761
182772
182791
182947
182954
182972
182976
183000
183002
183010
183024
183025
183036
183049
183058
183086
183121
183127
183132
183147
183171
183178
183185
183210
183222
183223
183268
183274
183276
183301
183309
183334
183342
183364
183394
183396
183431
183441
183461
183503
183524
183534
183543
183550
183609
183656
183696
183705
183718
183731
183756
183763
183780
183795
183833
183848
183896
183904
183937
183956
183965
183974
183975
183977
184003
184038
184052
184088
184098
184146
184155
184165
184167
184183
184189
184234
184238
184246
184250
184263
184293
184321
184328
184335
184338
184417
184464
184492
184537
184544
184553
184556
184574
184622
184692
184696
184730
184811
184826
184836
184854
184857
184867
184868
184870
184907
184914
184952
184973
184997
184998
185001
185024
185032
185078
185100
185110
185116
185140
185161
185183
185216
185232
185248
185274
185307
185315
185357
185360
185375
185393
185405
185426
185430
185443
185446
185447
185462
185492
185534
185547
185579
185588
185627
185650
185680
185710
185724
185755
185830
185834
185869
185876
185882
185936
185966
185968
185984
185994
186006
186008
186037
186050
186064
186073
186120
186123
186128
186135
186150
186155
186163
186189
186230
186302
186317
186320
186323
186363
186439
186506
186517
186561
186588
186627
186637
186649
186674
186675
186682
186684
186711
186713
186763
186832
186835
186866
186891
186938
186942
186955
187010
187026
187030
187092
187120
187126
187157
187189
187216
187217
187267
187272
187292
187309
187312
187314
187321
187362
187365
187412
187449
187466
187478
187511
187542
187559
187578
187611
187628
187675
187693
187723
187764
187768
187793
187796
187803
187806
187866
187867
187871
187882
187890
187933
187945
187965
187972
188005
188040
188060
188076
188112
188116
188123
188143
188213
188228
188255
188262
188265
188280
188299
188335
188424
188426
188435
188437
188446
188453
188466
188474
188492
188556
188568
188604
188671
188677
188681
188685
188690
188698
188729
188739
188750
188754
188771
188774
188803
188826
188827
188839
188840
188843
188880
188884
188889
188890
188917
188943
188947
188956
188960
188986
188993
189001
189028
189033
189041
189063
189077
189101
189104
189106
189135
189212
189215
189221
189223
189268
189274
189276
189288
189363
189397
189421
189425
189456
189471
189484
189494
189499
189508
189510
189539
189540
189542
189564
189568
189579
189619
189624
189641
189644
189651
189659
189673
189709
189717
189729
189735
189741
189745
189776
189778
189791
189811
189814
189855
189888
189900
189902
189905
189912
189913
189927
189942
189971
189984
190003
190043
190069
190077
190097
190099
190108
190124
190168
190174
190178
190181
190196
190225
190253
190255
190282
190285
190290
190344
190356
190363
190415
190458
190513
190516
190526
190562
190563
190567
190585
190592
190613
190615
190664
190687
190690
190704
190750
190760
190776
190796
190872
190894
190971
190977
190989
190994
191015
191022
191031
191046
191048
191055
191073
191111
191114
191132
191144
191221
191237
191242
191251
191304
191306
191327
191332
191355
191358
191362
191376
191382
191405
191408
191430
191487
191508
191513
191522
191526
191532
191555
191563
191577
191603
191622
191654
191671
191682
191705
191726
191731
191753
191763
191778
191783
191804
191811
191839
191848
191875
191893
191940
191950
191952
191983
191992
192003
192033
192035
192049
192056
192071
192092
192101
192107
192110
192116
192117
192150
192154
192160
192169
192178
192184
192244
192264
192294
192315
192353
192361
192376
192395
192408
192423
192432
192462
192467
192528
192530
192538
192549
192569
192571
192589
192628
192640
192658
192672
192694
192706
192722
192741
192749
192827
192838
192857
192862
192916
192919
192921
192935
192948
192950
192955
193086
193090
193109
193131
193142
193208
193217
193242
193257
193279
193283
193326
193327
193342
193354
193398
193472
193488
193516
193520
193538
193540
193553
193572
193573
193587
193600
193615
193635
193665
193684
193690
193717
193719
193756
193767
193789
193830
193864
193913
193959
194054
194063
194073
194074
194076
194091
194110
194159
194190
194213
194256
194264
194265
194331
194334
194337
194361
194366
194394
194449
194450
194455
194457
194461
194503
194510
194559
194607
194656
194667
194704
194717
194730
194758
194772
194777
194780
194828
194835
194858
194869
194915
194992
195003
195029
195048
195055
195058
195078
195145
195149
195156
195179
195224
195243
195260
195264
195286
195290
195306
195322
195329
195336
195360
195439
195442
195454
195463
195483
195498
195506
195508
195551
195563
195572
195576
195596
195597
195604
195654
195667
195685
195696
195746
195752
195797
195843
195846
195880
195884
195896
195928
195974
195992
196009
196026
196033
196066
196085
196086
196095
196103
196105
196140
196150
196161
196167
196171
196204
196208
196217
196218
196255
196272
196294
196302
196336
196362
196367
196393
196406
196423
196443
196458
196467
196473
196482
196483
196555
196603
196610
196631
196633
196637
196680
196683
196708
196735
196743
196748
196758
196781
196812
196815
196828
196849
196867
196871
196901
196903
196910
196973
196979
196990
196992
197023
197024
197025
197034
197051
197060
197084
197090
197159
197205
197209
197274
197289
197332
197356
197363
197366
197381
197441
197499
197527
197534
197556
197591
197597
197612
197622
197653
197655
197666
197695
197706
197733
197738
197747
197802
197831
197877
197890
197921
197924
197930
198016
198051
198071
198131
198162
198168
198175
198203
198204
198217
198225
198247
198250
198266
198267
198268
198278
198299
198311
198326
198361
198372
198386
198391
198395
198402
198455
198465
198466
198509
198517
198520
198527
198546
198561
198573
198608
198665
198666
198717
198720
198722
198738
198739
198741
198831
198853
198867
198868
198874
198907
198928
198930
198948
198989
199003
199027
199032
199041
199049
199115
199152
199153
199160
199188
199273
199283
199286
199306
199309
199319
199323
199324
199368
199374
199408
199412
199413
199419
199422
199453
199468
199469
199500
199515
199520
199531
199536
199537
199579
199588
199622
199638
199644
199652
199656
199660
199680
199682
199731
199741
199762
199769
199831
199832
199842
199901
199912
199944
199956
199979
200033
200047
200054
200060
200061
200077
200101
200163
200187
200252
200257
200314
200325
200335
200336
200354
200415
200421
200521
200527
200570
200576
200578
200590
200604
200680
200691
200734
200767
200768
200790
200850
200859
200893
200899
200916
200945
201038
201065
201084
201092
201118
201156
201169
201209
201214
201233
201243
201247
201256
201268
201273
201310
201313
201395
201409
201421
201437
201451
201457
201481
201483
201517
201526
201540
201555
201558
201583
201590
201608
201643
201734
201743
201793
201801
201930
201974
201992
201995
201996
202016
202063
202089
202114
202160
202174
202233
202292
202303
202332
202335
202370
202447
202453
202468
202495
202496
202505
202529
202535
202545
202628
202638
202639
202640
202680
202694
202698
202706
202734
202736
202751
202784
202822
202841
202843
202846
202870
202887
202888
202899
202910
202945
202954
202963
202968
202993
203035
203046
203060
203087
203123
203140
203157
203173
203182
203201
203245
203246
203293
203294
203339
203371
203393
203417
203424
203427
203432
203435
203481
203499
203591
203604
203614
203627
203667
203682
203723
203731
203784
203801
203826
203848
203911
203932
203948
203990
204007
204010
204090
204157
204159
204224
204259
204265
204320
204344
204359
204368
204409
204410
204432
204453
204494
204508
204510
204512
204516
204524
204547
204549
204574
204582
204601
204635
204657
204684
204694
204706
204756
204771
204778
204786
204800
204806
204880
204915
204936
204970
204974
204990
204995
205009
205024
205042
205101
205103
205121
205124
205182
205220
205224
205291
205330
205333
205341
205371
205383
205424
205439
205451
205462
205506
205508
205524
205555
205559
205561
205569
205582
205600
205625
205629
205630
205665
205676
205716
205719
205755
205763
205787
205790
205838
205879
205897
205913
205949
205950
205959
205984
206015
206017
206082
206101
206102
206115
206171
206205
206221
206256
206295
206301
206316
206375
206410
206473
206520
206522
206541
206580
206607
206625
206643
206664
206702
206720
206736
206741
206758
206763
206792
206805
206815
206819
206834
206857
206877
206882
206890
206915
206988
207007
207009
207025
207037
207057
207071
207077
207080
207092
207104
207106
207153
207175
207184
207197
207271
207326
207351
207371
207395
207424
207455
207474
207559
207562
207609
207618
207622
207657
207661
207691
207697
207715
207721
207746
207754
207794
207813
207837
207853
207881
207883
207884
207930
207939
207993
208015
208027
208112
208138
208150
208171
208193
208199
208221
208225
208229
208245
208273
208283
208312
208350
208353
208362
208363
208388
208398
208509
208519
208530
208531
208538
208555
208557
208568
208593
208642
208647
208670
208679
208685
208702
208763
208780
208796
208862
208869
208929
208955
208957
208988
209040
209058
209066
209072
209126
209133
209134
209169
209230
209231
209239
209242
209245
209250
209252
209283
209301
209311
209322
209359
209395
209430
209457
209507
209517
209522
209525
209529
209539
209549
209604
209620
209631
209654
209686
209691
209698
209709
209764
209824
209839
209904
209920
209922
209946
209949
209968
210022
210088
210136
210143
210153
210160
210163
210191
210209
210248
210296
210321
210396
210418
210436
210459
210466
210472
210474
210538
210550
210560
210580
210587
210607
210615
210622
210642
210680
210683
210703
210739
210743
210751
210785
210810
210860
210893
210905
210978
210979
211006
211031
211049
211051
211057
211065
211119
211141
211164
211201
211236
211239
211266
211322
211327
211338
211413
211440
211463
211466
211525
211537
211540
211597
211598
211611
211620
211622
211635
211636
211689
211744
211758
211760
211766
211767
211770
211800
211820
211835
211863
211867
211886
211907
211986
211995
211998
212019
212058
212059
212061
212112
212123
212133
212138
212157
212175
212190
212212
212216
212297
212314
212320
212321
212349
212363
212388
212396
212403
212418
212425
212455
212466
212474
212548
212557
212628
212646
212648
212668
212695
212711
212718
212741
212745
212770
212786
212827
212838
212871
212875
212900
212903
212916
212926
212941
212949
213001
213074
213081
213082
213083
213088
213096
213136
213174
213189
213212
213235
213253
213266
213289
213317
213361
213365
213381
213389
213419
213425
213443
213446
213449
213485
213531
213563
213565
213601
213612
213619
213628
213654
213665
213668
213683
213689
213694
213697
213710
213819
213857
213913
213947
213969
213977
213980
214023
214045
214052
214055
214083
214107
214135
214189
214211
214217
214220
214226
214275
214328
214332
214348
214365
214379
214400
214402
214414
214416
214427
214437
214441
214479
214518
214522
214563
214576
214582
214590
214592
214603
214611
214641
214649
214660
214684
214738
214780
214788
214811
214860
214865
214866
214871
214913
214928
214963
214974
215005
215013
215015
215016
215017
215065
215072
215140
215170
215187
215189
215193
215196
215255
215263
215283
215286
215296
215305
215314
215334
215335
215344
215378
215391
215395
215418
215442
215443
215469
215479
215505
215520
215521
215554
215561
215574
215598
215622
215636
215657
215658
215675
215698
215705
215729
215734
215787
215836
215851
215926
215937
215940
215995
215996
216027
216057
216059
216061
216067
216077
216087
216115
216126
216221
216238
216248
216267
216299
216303
216314
216325
216393
216425
216471
216494
216495
216496
216524
216550
216566
216591
216622
216635
216678
216735
216767
216842
216887
216911
216932
216933
216937
216944
216950
216960
216964
216980
216986
217021
217056
217066
217069
217105
217113
217128
217168
217205
217233
217234
217239
217242
217243
217299
217308
217310
217360
217379
217384
217398
217408
217420
217427
217441
217450
217546
217571
217610
217666
217672
217688
217726
217743
217753
217756
217841
217857
217871
217894
217919
217943
217960
217968
217992
218001
218009
218027
218056
218060
218090
218110
218227
218262
218293
218319
218342
218379
218421
218459
218516
218540
218554
218571
218578
218648
218680
218717
218728
218752
218756
218777
218782
218792
218797
218842
218861
218930
218933
218951
218980
219002
219004
219075
219088
219095
219102
219133
219187
219189
219215
219222
219276
219293
219342
219354
219356
219364
219382
219402
219425
219438
219453
219463
219478
219496
219501
219556
219604
219617
219684
219696
219701
219716
219723
219782
219787
219804
219811
219828
219832
219838
219842
219850
219854
219866
219868
219877
219904
219923
219966
219970
219997
220030
220099
220110
220154
220180
220191
220207
220224
220232
220256
220273
220321
220348
220349
220355
220402
220405
220415
220424
220458
220473
220521
220524
220573
220575
220593
220600
220626
220636
220649
220650
220656
220659
220681
220701
220713
220754
220848
220860
220920
220973
221021
221035
221050
221090
221092
221101
221111
221130
221136
221155
221157
221158
221165
221168
221175
221195
221199
221201
221227
221228
221307
221309
221312
221316
221324
221339
221352
221365
221377
221445
221486
221501
221553
221580
221585
221599
221617
221624
221632
221633
221674
221693
221694
221696
221699
221709
221718
221739
221744
221756
221763
221777
221821
221835
221868
221869
221883
221910
221981
221991
221997
222044
222063
222064
222070
222076
222090
222109
222132
222169
222183
222207
222213
222258
222281
222296
222308
222322
222365
222369
222370
222408
222419
222453
222491
222503
222556
222572
222578
222595
222639
222642
222658
222672
222682
222685
222698
222705
222712
222736
222752
222788
222813
222838
222852
222926
222950
222966
222981
222987
222992
223016
223026
223035
223057
223063
223065
223088
223144
223175
223180
223182
223221
223225
223230
223285
223295
223310
223330
223358
223367
223377
223382
223414
223428
223469
223498
223522
223527
223572
223580
223585
223595
223628
223630
223632
223661
223666
223712
223718
223723
223742
223746
223758
223767
223773
223780
223798
223810
223818
223829
223841
223843
223868
223870
223895
223968
223996
224027
224037
224053
224060
224104
224129
224185
224192
224210
224282
224295
224316
224354
224359
224391
224405
224419
224469
224470
224497
224573
224604
224631
224637
224639
224641
224685
224693
224701
224708
224713
224789
224859
224916
224976
224987
225014
225021
225058
225073
225122
225135
225145
225171
225199
225240
225248
225249
225250
225294
225311
225325
225327
225335
225342
225348
225360
225427
225459
225472
225476
225487
225516
225521
225554
225564
225569
225588
225616
225619
225627
225668
225717
225764
225778
225792
225847
225889
225904
226049
226081
226095
226114
226139
226156
226188
226250
226334
226340
226348
226394
226412
226426
226435
226448
226459
226474
226497
226566
226617
226640
226664
226689
226703
226745
226755
226756
226757
226779
226822
226846
226860
226882
226886
226901
226904
226908
226914
226921
226924
226929
226973
226982
227003
227007
227018
227038
227061
227064
227100
227104
227105
227111
227118
227119
227122
227156
227161
227164
227238
227246
227265
227289
227298
227308
227312
227319
227322
227332
227337
227352
227379
227405
227426
227428
227431
227447
227448
227458
227471
227481
227548
227579
227585
227601
227609
227611
227642
227673
227683
227762
227767
227803
227814
227821
227831
227874
227882
227908
227939
227958
227985
228062
228067
228076
228111
228159
228163
228189
228202
228205
228208
228218
228248
228250
228280
228296
228297
228327
228335
228344
228366
228386
228417
228489
228563
228575
228591
228661
228668
228675
228697
228701
228709
228737
228754
228756
228796
228808
228843
228863
228881
228939
228962
228982
229014
229020
229039
229041
229093
229101
229141
229146
229158
229174
229177
229196
229201
229245
229246
229259
229320
229321
229326
229333
229344
229392
229415
229424
229457
229507
229513
229517
229536
229617
229682
229693
229701
229706
229708
229718
229720
229727
229734
229760
229762
229763
229786
229790
229791
229806
229820
229825
229827
229863
229944
229954
229970
229985
229991
230020
230029
230057
230099
230101
230140
230142
230162
230177
230222
230232
230249
230282
230290
230309
230328
230366
230372
230375
230454
230466
230485
230495
230513
230527
230547
230557
230572
230621
230626
230674
230759
230787
230815
230834
230861
230876
230893
230961
231010
231030
231079
231085
231107
231149
231154
231164
231207
231222
231281
231301
231330
231331
231350
231367
231406
231411
231460
231467
231492
231523
231592
231649
231653
231734
231743
231771
231809
231822
231839
231845
231848
231910
231923
231927
231975
231993
232001
232015
232016
232038
232043
232052
232059
232060
232079
232125
232205
232228
232275
232322
232367
232403
232444
232489
232509
232530
232545
232554
232615
232654
232697
232744
232763
232772
232776
232848
232863
232922
232943
232957
232988
233025
233052
233101
233129
233132
233162
233189
233201
233202
233254
233276
233295
233341
233368
233384
233390
233391
233412
233441
233453
233486
233564
233567
233593
233610
233622
233653
233663
233702
233785
233819
233831
233906
233932
234169
234247
234275
234383
234384
234396
234404
234431
234452
234478
234544
234576
234605
234616
234652
234655
234670
234747
234755
234759
234800
234866
234902
234904
234910
234973
234992
235002
235005
235009
235016
235096
235103
235163
235210
235231
235248
235322
235348
235352
235392
235400
235408
235413
235420
235429
235460
235466
235549
235553
235582
235587
235633
235648
235663
235666
235674
235688
235701
235723
235774
235792
235800
235803
235826
235832
235860
235893
235912
235945
235976
235985
236032
236037
236042
236055
236101
236165
236186
236244
236252
236327
236338
236343
236351
236377
236441
236466
236527
236558
236574
236578
236586
236608
236618
236718
236732
236742
236753
236812
236835
236884
236922
236932
236959
236987
236993
237008
237015
237080
237081
237092
237095
237120
237188
237189
237193
237199
237235
237244
237261
237329
237332
237378
237419
237446
237459
237503
237514
237578
237582
237594
237599
237602
237701
237733
237739
237749
237763
237847
237870
237893
237914
237917
237930
237942
237978
237981
238006
238037
238041
238055
238074
238079
238086
238110
238144
238145
238172
238189
238198
238203
238204
238244
238248
238260
238299
238310
238350
238366
238404
238418
238437
238438
238451
238525
238550
238580
238601
238637
238651
238669
238690
238747
238767
238811
238930
238957
239076
239112
239119
239143
239170
239191
239214
239251
239255
239282
239287
239295
239336
239351
239467
239501
239519
239539
239588
239600
239618
239698
239708
239713
239720
239723
239737
239782
239785
239855
239871
239890
240034
240037
240040
240073
240088
240120
240152
240264
240269
240288
240304
240325
240331
240343
240349
240351
240357
240360
240370
240389
240448
240465
240474
240475
240521
240531
240550
240570
240596
240670
240745
240778
240780
240798
240799
240807
240808
240810
240879
240884
240902
241079
241084
241097
241145
241163
241185
241199
241252
241260
241269
241274
241280
241292
241299
241322
241350
241352
241391
241453
241512
241514
241534
241575
241681
241744
241749
241751
241763
241863
241871
241914
241961
241967
241990
242025
242039
242054
242113
242120
242135
242201
242216
242300
242335
242339
242359
242417
242420
242452
242458
242461
242464
242473
242480
242483
242517
242528
242536
242583
242591
242631
242644
242686
242711
242786
242794
242823
242824
242840
242853
242864
242865
242869
242870
242917
242923
242926
242927
242986
242992
243018
243062
243109
243116
243141
243155
243165
243182
243206
243207
243234
243240
243262
243264
243294
243333
243347
243366
243375
243377
243408
243412
243423
243435
243461
243465
243489
243498
243503
243517
243547
243571
243590
243598
243637
243651
243657
243661
243740
243745
243751
243755
243761
243781
243817
243818
243822
243836
243838
243845
243846
243854
243875
243908
243945
243961
243985
244019
244075
244176
244187
244192
244201
244204
244229
244230
244248
244259
244261
244268
244276
244289
244324
244335
244350
244377
244380
244431
244458
244488
244497
244540
244575
244584
244594
244688
244736
244772
244786
244802
244922
244925
244950
244952
244958
244964
244975
244994
245011
245012
245033
245048
245073
245143
245177
245183
245227
245260
245266
245286
245332
245410
245435
245440
245443
245451
245495
245518
245528
245550
245601
245661
245699
245717
245732
245778
245841
245853
245933
245935
245956
245977
245984
245991
246044
246045
246068
246087
246122
246138
246264
246287
246288
246308
246409
246424
246437
246504
246512
246533
246539
246621
246622
246630
246635
246710
246729
246748
246794
246795
246801
246845
246868
246875
246892
246909
246926
246930
247087
247097
247108
247258
247312
247372
247375
247388
247403
247416
247423
247443
247449
247468
247536
247548
247701
247724
247742
247774
247806
247842
247918
247928
247945
247980
247992
248021
248041
248060
248073
248096
248100
248102
248122
248123
248187
248199
248218
248311
248320
248324
248331
248337
248372
248378
248413
248456
248475
248481
248512
248534
248584
248591
248622
248663
248713
248739
248779
248794
248802
248813
248854
248874
248903
248926
248939
248999
249002
249010
249042
249045
249097
249129
249131
249136
249174
249177
249183
249205
249242
249259
249282
249285
249310
249372
249378
249382
249389
249418
249465
249477
249494
249499
249507
249523
249546
249554
249578
249616
249740
249783
249790
249801
249908
249940
249945
249951
249994
250015
250018
250030
250065
250083
250088
250119
250135
250161
250173
250180
250227
250232
250281
250293
250298
250313
250345
250351
250362
250368
250375
250410
250442
250455
250470
250486
250521
250530
250616
250679
250685
250761
250769
250778
250801
250810
250887
250908
250924
250985
250998
251000
251003
251016
251057
251151
251284
251374
251388
251436
251463
251468
251481
251517
251519
251520
251600
251614
251634
251702
251814
251826
251827
251847
251861
251893
251914
251958
251972
252021
252065
252066
252067
252079
252102
252115
252123
252132
252209
252212
252214
252329
252341
252368
252371
252376
252388
252397
252534
252598
252604
252619
252746
252757
252809
252854
252861
252873
252914
252933
252945
252989
253018
253024
253066
253085
253092
253094
253114
253158
253180
253187
253193
253214
253260
253266
253285
253287
253299
253328
253352
253370
253451
253454
253465
253477
253488
253500
253509
253515
253526
253541
253581
253615
253644
253668
253734
253773
253775
253813
253850
253916
253943
253958
254038
254078
254081
254096
254159
254160
254167
254221
254222
254230
254233
254398
254459
254495
254517
254540
254555
254574
254594
254608
254610
254620
254634
254677
254690
254701
254703
254770
254787
254797
254853
254882
254888
254907
254932
254935
254973
254997
255002
255027
255061
255073
255135
255163
255168
255268
255284
255308
255379
255381
255389
255410
255420
255456
255544
255565
255582
255584
255591
255594
255599
255657
255723
255760
255762
255799
255820
255833
255868
255873
255984
255986
256013
256026
256053
256067
256081
256082
256114
256116
256129
256147
256159
256160
256207
256247
256263
256343
256372
256417
256463
256511
256532
256555
256563
256588
256656
256706
256713
256720
256775
256780
256809
256831
256843
256872
256885
256965
257060
257117
257127
257158
257169
257219
257269
257271
257330
257383
257388
257395
257401
257428
257448
257460
257513
257549
257571
257573
257606
257632
257670
257684
257696
257715
257730
257845
257891
257895
257931
257947
257964
257972
257973
258029
258049
258058
258083
258084
258123
258134
258147
258166
258217
258234
258242
258246
258275
258315
258342
258414
258453
258523
258556
258611
258644
258661
258723
258750
258756
258841
258867
258963
258968
259003
259056
259102
259131
259142
259143
259158
259188
259202
259212
259221
259251
259259
259272
259276
259279
259280
259294
259297
259307
259347
259393
259439
259447
259464
259471
259503
259561
259602
259615
259650
259654
259660
259721
259728
259740
259800
259801
259836
259854
259869
259875
259898
259900
259942
259962
259967
259982
260006
260009
260029
260119
260131
260137
260140
260145
260163
260173
260237
260248
260250
260272
260277
260297
260303
260345
260360
260406
260408
260428
260452
260454
260484
260534
260547
260567
260584
260645
260700
260718
260723
260730
260758
260805
260818
260841
260852
260868
260904
260920
261090
261102
261111
261178
261199
261203
261244
261276
261318
261329
261360
261385
261402
261405
261414
261467
261475
261476
261496
261524
261817
261839
261877
261891
261915
261934
261942
262055
262063
262078
262129
262141
262142
262166
262237
262278
262283
262339
262398
262436
262485
262492
262530
262554
262588
262608
262625
262676
262692
262714
262716
262753
262783
262854
262861
262870
262872
262880
262904
262947
262950
262976
263024
263042
263170
263203
263204
263268
263269
263297
263370
263412
263415
263485
263487
263512
263519
263585
263653
263664
263676
263730
263735
263754
263776
263802
263810
263905
263914
263934
263948
263955
263986
264019
264040
264059
264109
264136
264139
264142
264155
264175
264212
264213
264222
264237
264265
264283
264290
264325
264366
264407
264485
264494
264562
264617
264619
264632
264646
264647
264662
264703
264716
264860
264883
264903
264912
264933
264959
264970
265037
265040
265044
265139
265168
265216
265237
265244
265366
265400
265411
265416
265442
265482
265490
265527
265607
265661
265710
265717
265743
265747
265773
265797
265836
265881
265941
265946
265961
265965
266005
266040
266080
266092
266093
266164
266230
266264
266275
266282
266301
266302
266325
266376
266404
266454
266551
266571
266594
266640
266698
266709
266722
266752
266833
266881
266883
266920
266958
266987
266998
267142
267162
267194
267235
267323
267331
267359
267387
267402
267406
267489
267578
267597
267632
267697
267748
267764
267798
267814
267828
267841
267862
267872
267875
267980
268097
268108
268141
268180
268192
268193
268203
268225
268247
268267
268340
268380
268485
268531
268601
268617
268655
268677
268693
268702
268730
268735
268749
268767
268812
268819
268916
268977
269044
269097
269124
269158
269168
269187
269317
269318
269336
269351
269375
269398
269461
269583
269626
269642
269660
269663
269709
269742
269781
269835
269886
270045
270098
270116
270200
270413
270568
270607
270631
270641
270668
270690
270721
270736
270794
270804
270838
270866
270937
270984
270998
271071
271191
271198
271220
271366
271379
271436
271442
271449
271489
271494
271495
271500
271511
271515
271516
271548
271584
271618
271653
271668
271669
271672
271700
271730
271845
271904
271980
271981
272042
272155
272173
272251
272275
272285
272348
272373
272422
272485
272486
272592
272606
272619
272662
272704
272729
272740
272820
272868
272935
273204
273252
273257
273276
273286
273384
273492
273504
273522
273529
273670
273785
273821
273825
273920
274029
274063
274067
274088
274134
274165
274168
274191
274207
274225
274233
274263
274265
274271
274292
274340
274349
274374
274430
274444
274471
274533
274535
274547
274621
274656
274658
274726
274735
274743
274792
274904
274911
274933
274962
275071
275082
275121
275167
275284
275297
275309
275356
275371
275434
275437
275453
275468
275655
275660
275664
275679
275705
275726
275754
275758
275777
275789
275804
275883
275895
275934
275961
276027
276049
276065
276068
276165
276168
276197
276266
276312
276393
276403
276413
276445
276495
276500
276518
276531
276534
276587
276609
276653
276671
276715
276757
276768
276769
276832
276902
276923
276927
276966
276986
277077
277080
277127
277167
277184
277245
277271
277292
277328
277369
277392
277394
277401
277407
277454
277488
277503
277515
277519
277630
277673
277721
277856
277870
277895
277967
277989
278089
278108
278115
278132
278172
278225
278290
278312
278317
278339
278346
278398
278403
278427
278460
278645
278671
278740
278802
278811
278872
278936
279000
279034
279073
279129
279140
279170
279184
279349
279410
279566
279634
279676
279683
279712
279725
279769
279795
279809
279840
279864
279865
279885
279886
279944
279951
279977
280013
280151
280168
280193
280247
280335
280336
280355
280372
280374
280399
280433
280499
280501
280538
280588
280590
280622
280653
280664
280680
280712
280716
280808
280856
280874
280875
280978
280997
281040
281074
281098
281129
281165
281270
281273
281329
281336
281368
281401
281408
281438
281450
281488
281519
281529
281536
281539
281552
281602
281631
281726
281753
281769
281780
281831
281834
281872
281892
281978
282006
282097
282128
282171
282174
282198
282201
282279
282297
282321
282421
282432
282448
282477
282587
282603
282620
282632
282708
282840
282863
282994
283034
283049
283125
283148
283282
283295
283303
283322
283339
283424
283450
283455
283481
283503
283537
283572
283599
283617
283635
283708
283718
283750
283766
283820
283846
283939
283999
284017
284018
284033
284111
284150
284151
284165
284234
284266
284289
284293
284319
284366
284369
284391
284424
284501
284524
284548
284604
284614
284618
284639
284644
284686
284693
284813
284929
285113
285179
285188
285349
285472
285553
285585
285638
285658
285670
285674
285688
285866
285898
285912
285922
286033
286089
286092
286174
286176
286277
286363
286391
286427
286440
286584
286654
286673
286687
286724
286812
286849
286865
286884
286896
286945
286951
286972
287001
287009
287032
287054
287082
287083
287085
287113
287126
287247
287280
287296
287406
287429
287490
287553
287571
287637
287706
287741
287757
287768
287869
288028
288055
288068
288126
288128
288144
288264
288388
288438
288457
288501
288534
288551
288643
288730
288810
288854
288861
288891
288892
288910
288919
288937
288945
288949
288972
288987
289082
289202
289225
289234
289257
289269
289285
289318
289320
289353
289466
289490
289510
289528
289598
289647
289780
289804
289805
289834
289852
290083
290090
290138
290160
290161
290178
290283
290412
290510
290526
290592
290628
290684
290770
290818
290834
290875
290957
290980
291022
291025
291054
291088
291104
291264
291324
291349
291418
291443
291471
291494
291548
291639
291668
291744
291767
291829
291874
291924
292021
292036
292139
292228
292430
292519
292525
292585
292606
292828
292915
292942
292966
293000
293024
293096
293167
293168
293173
293184
293265
293269
293330
293423
293559
293575
293842
293904
293924
293950
293959
294010
294035
294066
294111
294192
294193
294250
294273
294365
294384
294389
294393
294418
294678
294745
294910
294926
295011
295076
295132
295147
295305
295312
295334
295361
295364
295414
295422
295534
295558
295589
295592
295790
295942
296018
296126
296138
296288
296358
296374
296480
296582
296600
296701
296703
296816
296828
296859
296904
296909
296912
296954
296965
297013
297031
297034
297040
297049
297060
297110
297118
297123
297140
297164
297248
297343
297384
297392
297394
297396
297427
297430
297587
297592
297632
297690
297731
297738
297814
297817
298040
298075
298107
298146
298213
298348
298477
298571
298587
298658
298686
298760
298789
298812
298823
298840
298878
298922
298950
298988
299206
299239
299240
299280
299313
299359
299381
299508
299545
299573
299648
299695
299724
299730
299765
299787
299789
299864
299888
299922
299929
299982
300023
300130
300137
300186
300221
300326
300338
300349
300389
300436
300458
300508
300561
300581
300602
300604
300655
300776
300785
300823
300837
300897
300911
300926
300966
300973
300978
301009
301060
301090
301190
301231
301234
301272
301351
301397
301458
301465
301514
301670
301731
301912
301922
301975
301999
302028
302116
302139
302148
302256
302316
302409
302420
302457
302475
302485
302499
302504
302539
302546
302567
302638
302655
302665
302705
302743
302809
302825
302925
302991
303043
303062
303163
303307
303356
303378
303412
303468
303534
303581
303606
303610
303705
303735
303922
303960
304033
304050
304116
304118
304140
304147
304197
304241
304323
304368
304455
304498
304521
304561
304575
304687
304749
304770
304798
304849
304961
305006
305036
305069
305123
305154
305161
305237
305251
305260
305312
305316
305357
305387
305395
305420
305578
305623
305654
305745
305843
305917
305965
305986
306048
306171
306200
306208
306251
306283
306290
306318
306348
306358
306372
306420
306421
306474
306498
306567
306607
306645
306662
306663
306767
306960
307125
307138
307209
307217
307414
307544
307551
307676
307752
307799
307828
307863
307882
307889
307930
308101
308164
308169
308211
308438
308453
308522
308721
308755
308774
308777
308821
308832
308847
308849
308882
308917
308941
309028
309238
309242
309303
309563
309657
309660
309721
309900
309948
309996
310014
310082
310173
310247
310249
310275
310283
310370
310380
310504
310547
310651
310663
310727
310778
310780
310830
310851
310897
310927
310956
310993
311045
311056
311068
311094
311097
311220
311230
311258
311281
311290
311309
311357
311539
311745
311750
311772
311815
311876
311890
311898
311966
312011
312206
312329
312347
312414
312511
312513
312560
312698
312708
312727
312822
312837
312945
313000
313141
313197
313199
313453
313473
313539
313550
313605
313625
313754
313820
313825
313839
313899
313977
314023
314052
314064
314065
314072
314088
314106
314113
314177
314282
314355
314398
314563
314593
314702
314764
314785
314790
314860
314869
314959
315075
315186
315247
315314
315421
315492
315518
315599
315664
315719
315735
315768
315802
315827
315834
315862
315907
316027
316073
316093
316134
316228
316260
316279
316342
316471
316660
316767
316791
317024
317059
317198
317253
317417
317494
317533
317589
317757
317785
317806
317850
317875
317903
317908
318016
318123
318124
318178
318227
318277
318441
318610
318667
318771
318791
318890
318891
318908
318948
318954
319009
319032
319040
319116
319174
319454
319742
319805
319837
319852
319933
320017
320031
320150
320158
320300
320338
320391
320465
320479
320552
320557
320603
320639
320813
320865
320965
321024
321121
321189
321191
321251
321284
321297
321440
321475
321564
321605
321611
321675
321711
321742
321770
321777
322198
322268
322388
322457
322508
322640
322724
322754
322815
322831
322859
322905
322948
323036
323039
323162
323164
323170
323230
323249
323353
323382
323479
323486
323495
323601
323668
323678
323710
323727
323757
323985
324113
324121
324163
324247
324267
324270
324394
324573
324647
324686
324688
324712
324714
324757
324808
324824
324825
324978
325035
325045
325342
325457
325534
325664
325933
325969
326054
326085
326086
326339
326380
326384
326427
326478
326509
326527
326571
326585
326589
326603
326702
326793
326816
326917
327132
327209
327308
327380
327396
327461
327526
327682
327708
327816
327832
327875
327892
328057
328087
328153
328267
328275
328386
328401
328461
328577
328758
328782
328828
329015
329078
329152
329215
329255
329260
329352
329674
329720
329859
329901
329992
330112
330125
330136
330215
330242
330312
330396
330409
330568
330616
330821
330885
331026
331038
331060
331064
331089
331190
331197
331227
331375
331458
331725
331824
331833
332250
332262
332273
332292
332300
332372
332514
332595
332799
332883
332937
333007
333101
333170
333187
333355
333688
333746
333755
333774
333852
333933
334030
334034
334493
334538
334557
334676
334775
334841
334868
335047
335114
335312
335494
335619
335712
335873
336051
336144
336302
336483
336536
336720
336813
337057
337083
337176
337487
337500
337705
337726
338108
338342
338385
338402
338417
338629
338785
339030
339208
339504
339774
339776
339785
340000
340022
340149
340203
340563
340688
340698
340768
340835
340945
340976
341215
341217
341249
341392
341845
342209
342617
342691
342790
343086
343193
343285
344111
344442
344517
344565
344774
344838
344968
345007
345279
345368
345412
345704
345727
345798
346043
346080
346086
346403
346588
346744
346754
346769
346847
346872
346899
347411
347682
347691
347859
348132
348211
348544
348590
348780
349042
349345
349356
349748
349765
349799
349979
350014
350091
350102
350224
350368
350475
350496
350677
350697
350774
350866
351027
351037
351038
351044
351170
351417
351469
351568
351627
351921
351946
352041
352112
352124
352331
352354
353116
353273
353300
353395
353649
353823
354307
354317
354334
354512
354700
354912
355200
355347
355391
355581
355713
356037
356227
356460
356535
356846
356922
357031
357448
357507
357633
358016
358591
358798
358830
359096
359167
359379
359441
359498
359611
359663
359696
360050
360692
361000
361126
361404
361594
361651
361917
362110
362310
362937
363278
363382
363708
363826
364231
364447
364755
364932
365006
365366
366025
366035
366442
366522
367184
367232
367515
367710
367861
368074
368115
368188
368631
368640
368682
368971
369308
369481
369667
369698
369895
370010
370100
370348
370444
370851
371815
372030
372416
372544
372557
372681
372787
372791
372877
373042
373106
373438
373731
374087
374313
374502
374554
374580
374917
374947
375099
375326
375639
375842
376369
376370
377665
377708
377866
378641
380231
380725
381527
381664
381759
382870
383836
384521
385210
385839
386175
386761
387436
387699
388895
389283
389348
389731
389792
389804
389969
390333
391965
393680
393860
394697
396132
396808
396850
397248
397808
398483
398487
398619
399657
409403
411897
413122
413159
413388
414048
414279
415439
420472
421210
424100
428768
428866
429635
431768
433566
433930
435406
438627
442592
444886
446702
452070
452704
