9295
13256
5059
10066
7924
3816
957
9421
14550
13040
2994
12086
2731
11047
8549
3338
6556
3537
14244
11336
4594
12349
10178
5661
1256
4556
1050
14001
6673
12511
10901
14078
8356
11194
7137
570
12389
9422
502
10517
12868
1193
12283
12812
8541
9058
4581
4585
8660
9520
10610
11551
9246
4250
2913
517
4375
3497
1454
6333
12275
9840
13625
3839
11317
2822
7494
11593
13321
4526
10002
13173
12409
12015
2601
1392
2159
8862
9609
7140
12035
11572
3342
3137
10367
10792
11083
1012
9397
3271
4803
14514
9765
6069
5264
3519
10971
4195
10625
629
4305
13440
5112
13999
11193
4798
5491
11030
7051
12098
8416
11
4234
13520
5376
1355
7881
459
5152
136
5469
3020
2968
9271
13633
5853
1980
1432
2850
8072
1214
14357
11202
8974
6765
13993
206
11325
12737
13438
5589
5543
4638
2217
6417
31
4598
5056
8359
1510
7390
6797
5268
9944
14628
4944
10697
12875
6567
13394
14067
10092
3387
13213
13421
9487
3976
813
12951
4603
9827
2770
11221
4379
7742
7514
10294
6331
13496
12361
7060
10119
11844
4561
6558
6371
1430
207
6413
117
4542
3222
3162
8961
10207
608
3977
8219
7638
13871
2759
2099
3374
14094
10080
11092
6592
11137
2496
12469
2695
1973
1492
9823
10337
5874
13008
3947
12998
11377
2556
14315
3647
2271
10918
8865
13015
14460
1961
6921
14461
11852
2341
5512
12226
10150
7433
4509
295
2303
1049
11183
1852
852
11561
12864
9335
10826
5034
13619
4939
13289
1862
1282
8334
5145
10318
1279
4621
3905
2011
11003
7378
7303
10348
7612
6761
4963
2614
9650
1416
8909
7395
13286
9185
5670
13759
5743
4517
4358
6240
7509
3883
8037
13956
5135
14084
9429
8589
6226
7171
4915
11983
13166
1879
5833
13741
6344
2477
14517
9851
5429
1719
9119
6161
9446
11820
4270
4660
13696
1361
13486
8641
530
4310
5920
650
7442
3622
9582
9940
12368
5578
6122
738
951
10295
9904
12715
12453
2430
870
2747
10055
2215
12369
12348
5185
8258
520
11496
9184
8855
9998
6420
983
9958
6716
9969
4271
1888
7366
3633
3665
1812
14243
5873
5960
6362
680
11590
7978
10504
11705
3945
11144
11912
1956
2595
3538
3159
2854
4455
1481
8989
12879
12994
12941
2382
5653
10550
6854
12356
7641
6742
12650
7521
12196
8665
9146
3105
13291
8327
823
14019
10372
5918
1181
6188
3974
1426
165
12832
4813
2688
4104
6820
9351
9856
3834
7161
12661
12145
8492
3774
7026
9989
14589
14577
13698
14282
9619
2343
6517
13374
10430
6292
154
12394
11011
4821
2148
6638
3114
12722
11192
5569
13863
2308
507
7698
12221
3260
361
6248
5368
4118
2037
11828
13854
12675
12726
5997
6108
2992
13368
2075
990
14123
11400
658
12229
9430
13052
7930
10945
7235
4700
12609
14187
14261
11514
7180
12910
10591
11383
13060
587
13062
8737
10102
10836
2293
10924
1100
5845
9348
2819
8491
2624
4770
10751
8453
6590
14352
289
12116
10263
4661
5159
9315
872
12471
9264
14220
10472
12112
12099
6180
10989
13954
6121
462
1832
14337
6726
5916
10726
10379
5774
6174
12270
7710
7056
4899
8676
14344
1527
5246
7021
9566
12599
6837
10404
14233
645
3187
7417
5887
10151
6183
747
14350
4447
1323
14295
3544
1787
2461
6568
13679
1624
2369
2295
4278
11761
663
12378
5502
9833
12410
7256
11674
10435
7001
12094
3364
11782
2236
7729
3922
6321
5359
4265
2874
8608
7281
6645
13729
2622
2791
6993
11851
13406
13395
7957
8293
4966
5136
10272
4672
10156
677
12065
10739
3815
14392
10789
10431
5339
13789
14626
2907
903
7863
1069
818
9078
8254
8270
2329
8117
11020
3741
801
12636
9979
13360
4927
8603
11139
12521
432
1778
1379
10049
13229
14362
14144
11325
14131
8997
10800
3028
11553
11896
8707
10540
10852
11164
13690
11579
8720
13972
10957
2077
9001
5187
6198
2786
11979
2252
1674
9104
9215
36
10545
5310
9223
2564
1961
6973
5834
1687
7880
969
7249
4847
5998
4315
11143
4280
10705
6561
9550
696
5600
4040
8060
14552
9589
13109
3047
1298
14608
256
12882
2532
7483
7969
4760
10555
3362
2054
12122
9505
8590
5395
6376
447
1682
6107
2260
12803
6890
11858
11005
10824
13297
2965
4501
1325
12247
497
7524
12659
5760
11596
8570
6881
413
7868
5331
10858
10977
11327
7017
1958
2527
9010
8195
8547
11681
13081
10205
10580
13930
519
4151
9583
6422
640
3978
835
2180
4873
6759
5353
2115
5265
9436
6693
6679
11727
10683
13409
9219
13704
8292
7438
3723
14480
10068
3460
3848
2589
10423
12158
4882
8635
14595
14034
2985
5509
7532
7466
8306
7569
5709
11085
7991
9683
5041
7855
5793
14424
9761
1401
5366
14060
10648
5866
3921
5736
10146
5903
1739
5543
2534
2813
10128
7842
4346
11730
2137
3034
694
7456
7565
9726
6555
2449
5713
12358
2873
7550
3842
11762
7751
2088
9486
2743
8140
5768
6667
4262
12310
94
11046
12027
9757
11261
3933
1273
7876
10419
687
10447
2984
9672
4316
6414
8444
8527
10458
9755
6699
4211
4297
11295
4268
4294
10325
8666
10125
13342
12033
980
4818
10336
9727
4246
6035
9092
8089
6057
14180
3885
13884
5267
4111
6834
11571
7260
8178
10777
4775
10361
7028
13007
2821
7592
6489
12522
5604
14262
14546
11203
2173
12550
2004
5184
3852
4365
8694
2210
539
4018
3173
4606
12756
5664
6942
9813
8916
3626
11853
14592
6291
934
11916
7830
10999
766
1773
10961
1728
6458
3097
12883
9582
3609
7302
13627
11874
14499
12113
10473
1502
8244
11604
8741
274
2416
5014
8320
2971
634
3840
5258
5144
9072
5575
7041
7469
4355
2978
4105
12964
2418
10209
11466
9411
3813
3554
8466
13975
12652
11407
12697
1252
9630
11382
2261
3422
397
3207
2358
13843
13970
1791
9882
14097
8532
4421
12771
14498
3582
3098
12074
4334
347
4340
6920
3091
8385
6871
13453
13389
6541
3231
11747
13651
879
12157
3792
11357
5125
4081
8311
4138
12730
2265
800
8883
826
9196
9578
3648
4185
9039
11172
14610
6585
6722
8992
4116
1882
7825
6474
2022
10717
2168
13707
10489
803
14217
3681
8256
5188
2035
3172
2049
1612
13967
4306
208
8399
2958
1092
6086
8289
11314
2100
1917
14403
6324
2730
7797
13830
2847
3901
4752
11877
4313
472
9298
2568
7058
723
4719
6776
12957
11175
3884
11093
5392
1522
8763
583
6327
4648
8745
13579
9458
8784
6304
12564
2158
4393
6660
5316
3135
6982
6935
11959
8540
7196
10956
8935
11528
7584
6213
12101
10411
9930
4949
5852
14340
10212
2810
10442
9893
4904
12710
13295
1351
146
12021
845
7589
14055
10409
4395
8130
9824
13415
8153
7078
6744
9143
656
4617
1195
1821
1414
2126
9015
13367
1094
4845
3543
13941
11927
14177
9301
11685
67
12519
11995
9618
6563
1103
14073
11729
7088
6381
11676
8721
2140
11391
12455
4296
10340
7143
10107
1390
2969
8667
4580
5978
3689
4503
1785
4740
5761
10630
8592
7518
9102
1129
7334
11419
2165
12081
13671
4668
12424
3625
2905
1075
1303
311
11563
4169
11988
6896
1423
4320
504
2229
342
2349
13466
10507
2034
7185
4543
428
1834
9735
8316
8131
4417
6560
3553
5385
5369
7875
1869
9327
14388
6274
767
11487
11469
3142
1496
3585
2758
3165
40
9090
12610
14432
11445
5252
13349
12767
11056
1615
11653
6003
5836
5634
3755
11070
11338
11246
11690
4645
2388
1363
14409
74
7578
13371
13075
1881
9740
5627
11949
423
2790
6676
6367
6587
4240
4887
5259
4715
3069
6681
885
3607
6525
5977
9926
12440
8981
3764
9328
10414
1627
3758
4936
435
13022
5342
6357
6880
2670
2142
13677
2535
809
7278
7329
4753
9730
3734
10199
1803
2941
443
12318
3780
11379
151
4014
7033
5119
13429
3897
12299
5803
7477
2240
2027
6320
998
7702
12795
6764
8929
5584
14236
11669
13524
5324
2906
13577
1886
4750
9322
4068
11662
9705
8390
4205
13113
9250
7162
10380
3262
13961
3361
7893
12956
11789
10355
7250
3430
5507
5525
10611
6610
14367
13477
13274
3522
2878
3836
3372
4728
5482
1072
4695
11925
3987
6807
13900
1248
8567
11276
3604
4073
11339
12571
722
1292
366
4388
7499
14165
13890
11874
10356
291
11827
9575
4931
2583
12902
7573
12981
5190
2172
11284
96
5711
6341
594
152
14553
1563
2
7508
10111
4497
7741
997
3641
10216
3461
11537
8736
9753
1258
2139
5130
8209
3982
709
3433
1317
11613
1587
2857
6221
13924
12824
12018
9662
279
1579
8351
9154
13103
83
12752
23
10298
3336
12663
1333
2375
2680
2281
1340
1546
2979
3910
84
943
2580
12428
12422
725
12751
6452
10011
14167
4573
11162
9881
3726
8092
11791
12075
5765
10358
8560
11430
14263
10906
14523
499
4916
5517
6944
14545
9304
6068
8652
13701
11661
5050
1540
515
7188
3186
7355
11414
12658
8893
6296
10634
4446
140
540
12653
5990
509
2383
14573
6832
6630
8656
3707
584
3346
9297
11302
9704
4922
4434
8085
2398
6846
13128
9205
14077
742
9569
8628
4088
1159
4202
6789
2407
5017
1987
6582
705
13564
5663
14564
11127
13988
3016
9009
9660
6958
12268
7772
12945
7347
7798
4361
7952
6867
9793
9163
11931
7476
13487
3637
1698
606
13453
8133
10421
8825
7335
11691
3773
10394
1368
2397
2268
1425
9354
3014
8157
9567
3670
4858
278
6790
12430
5857
1034
11452
2995
14596
2318
2238
11277
11905
9643
8125
14156
3690
10525
386
14228
11077
2533
3157
12813
6711
13047
12566
5004
8346
11903
10450
11744
9510
4647
4147
5001
10498
2870
8876
13832
1220
11081
9135
6095
8308
2387
5204
2839
2894
3440
6597
13516
8239
3575
2576
10363
6032
3719
5518
11899
2957
9162
12703
1865
7684
2485
7319
4000
11981
4102
2966
3763
480
2934
7156
10369
13273
11200
14111
3652
5205
10254
13762
4708
6603
2384
5796
1921
14226
7738
10158
2009
7601
2219
12908
6987
2026
8009
12331
2434
5929
4605
11425
3285
1974
8372
6522
319
9226
13589
13099
3743
2500
7336
10811
10933
12563
8565
6720
939
2417
6539
712
1182
11220
10645
398
408
7323
4906
8398
5094
14141
13148
5782
9850
1126
5798
9273
9888
11136
6513
1992
2008
12651
14560
10911
1135
7580
3276
9590
8146
9265
7692
277
14605
9818
2536
10000
5435
8250
2763
2627
10529
11573
5452
11416
12103
9927
11239
11388
8217
3809
134
1344
5382
7574
12601
7401
14130
7112
6133
3515
7665
4489
8528
1025
3048
11113
4078
8544
4539
4591
9067
9506
219
9981
13788
13772
5196
4132
7426
11799
10376
4869
14495
12640
12749
7004
1628
4932
3742
4149
3255
11773
4640
32
11895
7071
14335
14397
14542
14644
6866
5175
8781
4875
11376
642
9641
11687
11971
3054
1635
6124
3297
9198
3443
12130
12468
1675
7397
964
9243
8180
9872
5211
10681
9584
8829
3355
9835
6785
168
3252
5656
6034
7267
3120
3484
7689
9457
2844
14503
5514
12357
9516
8542
13896
8946
2016
9074
6640
7135
4300
2061
4748
11456
12676
6044
12504
13939
12627
1583
1142
1797
2028
13847
14400
2585
2376
3598
7593
12537
11515
12592
3388
1299
5325
1394
6322
2107
4546
11980
10554
7902
2865
13657
5680
6723
10078
5335
13247
14278
385
4787
173
1465
1370
603
8223
1809
6384
9438
9807
11940
13776
1681
7216
12260
3049
8573
9972
6571
9485
829
10287
2703
5514
6160
1586
11041
9204
3109
5257
5292
7966
2867
14193
2909
2288
10100
12862
4499
11115
5942
13221
5070
12418
1959
4038
5115
5399
13383
3158
11585
1098
8749
8387
11991
10925
9737
2319
721
2052
11531
14111
10240
9260
29
4982
4223
6939
12182
12192
197
275
5701
4425
14435
6346
598
2936
8953
9424
8857
12983
7814
3635
13751
3862
3277
9805
6882
4552
6282
9100
2724
8043
12846
1137
9504
4859
9559
7945
464
14205
11188
3111
8789
863
11868
5812
12191
7230
14040
4806
2080
11731
2327
13254
7049
4613
8958
8888
8782
12535
11287
1591
5599
2464
1371
10368
6705
1172
6943
11739
12387
6858
8402
12551
9345
882
12562
7307
1647
7718
3782
8733
5330
3254
13956
6803
2150
8188
2619
4161
7097
8479
8046
729
8975
3695
8998
10984
2226
12986
7983
3770
9395
13837
2104
11797
2000
9077
6644
6815
11160
9111
7530
10721
5915
13199
11296
12808
12392
10528
1505
4781
1650
7241
12685
12792
7297
5208
12641
4113
5290
13880
6821
9938
5703
6967
14281
13670
11201
7892
4874
9460
3746
8304
13573
3037
724
10053
5023
11540
7818
11004
7624
5200
12294
11516
4851
6793
4177
5612
7928
6607
13059
5781
6388
4520
1179
12885
10300
5240
4571
1118
1421
13622
13976
1744
174
1767
720
8408
10032
14391
7874
338
927
1690
13420
10257
211
4319
176
2830
5065
866
9285
988
8908
3282
6936
1815
10533
8094
8583
12452
12561
3967
9330
10588
13952
1498
7218
5133
3089
1700
8301
3281
1262
10557
8205
1998
2256
8192
5016
5178
318
6054
553
9852
10530
4905
5894
6708
5946
3790
13817
13699
5784
12218
6199
7010
11015
14004
6265
11944
9212
13082
3807
10725
6301
9276
11479
2391
5588
9987
7677
2066
4100
631
1315
2686
6453
7724
7804
2039
741
6733
805
1267
11332
6845
4221
14137
4086
370
3982
11029
4125
2925
4129
11145
8644
9377
13026
3712
13048
10290
11489
7209
12464
470
8980
12248
2806
14098
6269
4008
1149
1485
13235
9533
10604
5899
514
704
10160
13624
7582
3855
6663
13828
7515
1562
11428
8625
2845
3148
14076
6303
5465
6461
1656
127
7025
12475
11706
7287
11251
13612
11255
7975
47
6774
12190
7305
12254
307
9618
10902
14259
6927
1257
14054
418
11156
11253
14385
12160
11806
7685
7398
12745
13609
930
12381
11625
1871
8175
11329
327
10821
6892
2697
3879
1786
9606
8246
5032
7333
5106
13352
12913
1712
7394
2494
8386
2190
977
14063
10665
8111
7943
14598
3549
7776
14452
4608
13987
6523
2546
1770
1967
50
4153
9403
12635
10680
1560
7753
6138
508
10478
3237
11707
11545
3218
12523
847
1844
1486
906
11478
4142
9385
10953
37
9270
9868
2887
6702
3828
13308
12590
4174
1922
13739
963
13172
12723
14381
4186
868
2565
4047
299
5848
9346
6019
3648
8174
9165
1067
6286
11369
12972
1006
2514
7054
10893
1162
10314
12374
1476
6886
1960
12542
12278
7098
12250
3298
5989
9155
7405
4155
11984
2789
12670
8832
14296
14519
10056
8473
11191
4354
6194
12315
2021
5166
10963
13490
2566
12479
2815
1781
7154
13232
309
10324
3500
14536
5436
6189
5242
5487
5952
876
83
7808
10339
2973
8945
9375
3701
55
11763
2838
2086
9359
12317
13460
10127
12530
7805
14132
1969
3904
4480
6083
14619
9361
996
1658
7778
6584
3709
3740
7759
8497
3865
4979
12244
711
1291
5089
6598
14108
14558
5027
11214
8494
12384
8463
1514
1301
788
434
11934
6407
7618
13697
2084
14621
3779
1556
14264
9338
2649
12404
9409
8716
3437
671
3202
11008
1188
13386
52
7158
7851
6392
12171
14246
3287
13019
14124
13714
8051
10949
1792
2339
10523
13526
11248
9061
6950
7837
2932
107
8572
9742
9172
1542
115
7272
12528
4999
4810
2588
2154
5247
13064
12164
7105
5871
7295
8017
8348
8757
10515
7691
8691
4238
11634
302
3081
11680
12449
12800
8108
13127
14247
7597
8142
9464
13747
13855
6255
1588
6975
8706
7873
10313
10506
11187
10246
3200
14182
10994
877
4289
8614
4879
13045
8561
10605
9797
7370
13281
3050
10801
2808
341
8328
6423
10556
13470
6373
9448
12284
7732
11659
11102
13300
7512
1948
13792
13340
3083
9097
4816
12439
13583
8556
13137
6771
12228
672
1287
6805
5511
495
3770
11378
9427
1285
7963
6186
3203
10095
12814
13108
4463
3286
12008
3705
7525
8743
10281
5199
4144
6487
12037
12596
2876
8211
12766
1909
381
10809
4786
1581
10274
13942
2669
1512
1646
9105
12847
1609
14617
833
9371
1462
13190
9218
5622
1128
3356
12740
13727
5256
10903
14524
5867
11055
3481
920
12888
4276
6441
13742
13879
11576
10166
11230
7813
235
4707
3660
6343
10309
8155
292
2919
13535
5283
13553
2504
14551
11433
5483
6919
7247
7059
11078
1994
8790
352
2778
4523
4394
14417
13129
1479
3729
3940
3359
3448
6031
7057
5773
3870
11019
13115
6595
2096
8387
12269
12225
12623
10416
11086
6460
3416
13732
2185
13606
11850
4242
8808
8531
9317
10191
9325
10613
7382
5209
1331
11477
12195
5828
2987
9366
5473
1758
13359
6549
3320
11580
3100
597
8267
3350
3244
11409
13990
5565
8716
3993
3894
344
2811
871
13094
9312
11034
2611
4727
12584
9319
1724
1920
5201
12295
1779
14120
3605
188
8286
11207
10242
9583
9332
10623
6299
9732
137
3073
10853
10617
10985
13936
13661
9443
13845
2948
1500
4572
8321
6581
8345
11304
2708
2356
10436
8415
1818
10910
13225
8575
2405
8080
2448
12060
6830
14637
4799
1868
3743
9007
7072
2647
13638
11996
3153
808
5401
145
7086
11208
9140
10819
5925
6749
1529
11901
9925
4341
11911
3775
2454
11241
7708
11051
3914
1308
10063
6505
14492
3571
14331
10194
3837
946
332
923
4222
12372
8179
13862
6632
6037
775
1134
10773
9347
11646
2673
11486
6854
6244
12778
9914
8279
2277
13501
3026
1467
10484
12435
248
6713
1365
10759
841
9031
7664
2711
11025
3383
987
4779
11508
5792
4569
13473
12152
9209
4567
9116
6087
310
13541
5300
12252
8774
9830
3431
12510
5613
13290
7284
7775
641
5830
2550
6159
13152
8040
6682
6734
12681
6364
10869
12169
14023
10083
6628
6126
2243
7436
7623
5015
1926
6686
10542
8711
1938
1240
792
5721
14230
9489
14629
5496
13738
10238
12028
12142
252
9509
9306
8005
13311
6368
12632
5766
12222
7318
11437
8638
7704
11814
5567
2433
7552
503
893
5744
5933
3010
5623
1147
1412
14500
616
7501
5066
1536
581
11405
7859
7681
1775
9076
12996
12012
10716
972
9642
11042
13055
1951
9045
4406
12014
4256
4631
5504
7174
8563
2463
1923
13664
3946
10432
7744
5730
9894
6540
5787
4965
2438
6117
12889
8611
10793
8257
14396
7259
1473
14607
12620
4087
2482
4391
1339
3510
3802
697
10362
4713
12863
3459
2713
3027
4667
6578
518
6839
14109
12179
5383
10293
8212
13803
8126
3694
2478
12841
7040
12405
6961
12304
5560
12961
804
700
5099
13853
10964
13821
9694
10495
4721
5465
1528
2742
3024
3141
4387
3184
10560
19
6965
7184
7651
11050
10186
7480
5822
8892
2513
1211
1074
6206
10467
9474
12208
8727
12124
5707
1911
10935
11279
7671
12923
10637
4736
5378
7326
8562
90
10463
9623
7134
1570
1899
13709
1490
11550
3628
2772
8537
13294
8056
7253
11303
5363
3808
11688
6800
5762
10880
12146
9392
3748
13284
12474
7642
204
14473
10041
10668
8984
7917
2754
2014
13859
681
5956
1405
1447
12426
13790
12159
71
4400
12402
4698
12573
1024
8513
13278
2365
7733
4374
8307
11457
14594
830
4989
2130
14597
4339
10796
9770
13423
11082
12656
14074
4023
11117
3730
1019
8204
10877
1645
13457
5527
12929
1491
12321
1774
14036
11998
14646
6690
13902
8937
1633
6984
12307
3013
7714
12484
6659
651
1694
11546
10882
9439
7828
7205
6329
7440
9896
9369
1176
2285
4022
1027
12332
5492
2548
2826
10437
12857
9238
12525
11449
5638
7697
7935
13307
11091
10787
5606
1893
10329
13479
5849
6786
3917
9086
3415
8922
12285
11780
438
11663
2221
12848
11809
6745
2639
42
1206
7688
11205
8042
10598
6778
2359
9161
3688
611
14256
1932
6869
12303
7120
10624
11010
8406
6427
4020
14106
3426
13642
6275
2561
7121
3686
3644
11993
14160
6905
13764
6192
14372
2033
4099
3487
2446
12858
7693
9437
547
9137
7543
1677
5245
10101
350
7262
10980
155
9394
1761
10944
12175
5423
3942
10461
11894
10791
12433
8424
11491
5524
2774
147
1232
6838
14221
11045
11444
14527
4304
8632
6648
11418
3506
7482
7092
1846
10740
11141
14210
11228
4042
4604
821
1433
1808
3766
10341
3090
6538
5367
13876
1509
3516
9128
11880
10937
10009
10827
12058
8555
11155
12851
7321
1782
345
1235
14436
1817
8601
8478
192
10155
869
5088
124
10861
10796
13239
12567
5374
73
10299
4396
12646
10012
12291
1082
9122
11919
13576
6405
9951
9624
7421
12532
3657
11938
6814
2361
10572
10407
13530
891
2519
6270
10165
5799
2195
13716
2861
8512
9544
4449
6471
14606
13623
12818
9899
525
229
4403
6782
5286
3618
11467
9685
8914
11436
13309
12311
4347
12451
12931
10357
9953
3113
12398
1463
1538
1046
9710
10711
1440
14079
14171
11718
4524
7809
13246
5974
7568
5755
3256
7052
5272
5320
259
13628
8700
5266
12003
3623
13306
6870
3980
11839
8905
8033
10854
11273
7982
12114
106
9562
7416
8409
2230
10730
4326
12013
2600
2179
8943
11679
2937
14540
10466
6251
7505
10005
10091
6080
8849
1666
4062
14237
13634
7011
11557
6472
1548
9826
1327
8484
8633
10213
2875
8203
6052
6027
7449
13775
217
3348
2071
8383
7392
4771
3794
6466
4793
11110
2161
13087
4535
5072
13507
1293
9728
3629
2345
12927
12320
4831
11226
3082
7087
7632
8047
8982
761
9843
4037
8335
3699
7115
8538
169
4743
1138
1668
2943
13785
437
5174
9117
282
5285
8396
13549
1356
9210
7605
12326
8371
9628
1470
2875
13204
9152
7610
8135
4559
4817
8013
3423
1634
9341
11033
13610
5497
10387
10244
12230
11372
5720
8771
5343
1045
11120
5212
7066
7701
156
12236
13369
8844
11121
12449
4121
13373
3360
14464
10844
2366
5221
2980
13825
13093
10934
2895
8090
614
10017
13322
12643
1891
13881
8112
5077
12804
5908
4664
383
5646
1508
1436
1856
4768
14070
12600
4284
10067
6152
3968
12297
1597
10846
6283
5918
9236
3373
12914
7254
1665
3578
8121
8337
8843
3091
5250
4974
3783
253
10451
2413
14580
7002
13418
9971
3042
4512
11322
14465
5000
13494
12657
210
1722
12689
3518
10114
12683
5557
7676
12886
13590
14440
6545
6424
990
5413
14547
3467
7169
5255
2814
54
5220
9261
6501
9373
10164
4389
2015
9814
2440
1979
535
2641
546
14565
6718
5901
12987
5093
7910
10673
3934
482
14526
11310
6813
7703
12853
9490
3108
1213
7934
13886
14555
6694
528
8471
3420
10465
8147
5821
3197
2915
7285
13543
9393
6131
5759
13314
14284
7146
781
8519
5999
8920
6022
12830
12067
5797
6290
13851
10510
7815
5149
6519
3744
10161
10734
4485
12233
6177
13182
14493
6400
8162
11866
3810
2422
10639
2046
5808
8420
399
14478
4059
4990
4822
10035
2347
1742
33
3594
7076
6687
6339
4819
5022
410
12282
13735
7044
2802
9153
6952
14322
12763
6409
4776
8523
8002
1266
14107
2880
8237
6098
14442
6932
9913
1962
14151
8145
4409
6802
5772
3243
8511
1064
8086
5280
3757
6383
7475
13192
8942
10059
11716
8863
371
14299
2653
7400
924
3378
8580
5898
11889
12383
5457
1768
537
8582
4511
243
13382
13495
5530
12588
6451
5276
12729
4827
7598
5191
3566
14189
5551
6103
7212
8685
4508
13063
6215
6156
4710
10958
12149
7989
12958
12391
12701
10385
10743
12105
2539
13506
3179
138
11629
2726
13489
9923
13275
12909
2153
8881
1169
2427
14485
7357
3093
12859
3296
652
13469
9242
7296
5906
9459
1429
7779
14104
2996
12999
5038
4067
3074
5414
7800
392
11250
5555
11257
13401
3800
10413
11647
4929
10141
13555
4467
7631
12545
8597
3284
4337
14303
9839
1883
6685
11149
4619
9621
12500
1620
5415
6115
6005
703
12669
1701
1350
7754
10913
13666
5928
10071
3488
1031
8902
1776
7027
10719
6297
13023
6308
9734
13036
1324
12095
2697
12731
5611
10922
3861
6319
13397
13171
5306
8517
8856
9786
1468
12960
12379
13715
7358
4534
2333
4995
7413
5837
13654
11935
4788
12621
12416
4253
10268
2856
1845
5426
10426
3752
4907
2073
6506
5008
5553
7793
1014
10088
12873
9186
1272
9846
13422
2408
13139
445
1913
8276
10139
8976
12817
7182
1407
4993
11562
13522
2636
10176
7150
3188
7127
6899
10536
8967
13578
1849
2832
4050
11794
5289
4440
13090
862
13079
6788
3771
8801
5883
12639
12040
10770
3110
7153
6004
6851
564
7668
11473
12887
13434
1107
9479
12339
12660
4373
14162
11245
3756
834
7965
925
14413
12324
8960
6872
8648
5879
8342
6715
4738
2270
12205
7614
3156
13849
1400
2360
9568
5375
13693
10172
9671
1622
9985
7310
3073
3711
14450
8134
11462
5598
851
6318
3226
12527
12854
372
11633
2988
1946
272
8668
4958
6330
1549
937
1924
9318
4064
13241
14068
8503
8008
13305
1696
1625
6859
2117
14456
9374
8764
810
0
973
6748
8788
7371
4540
13454
6073
3353
5690
14463
4454
4231
7226
5731
14096
13944
1300
11129
6211
4763
5142
4413
7346
1738
12801
12473
4706
7869
2840
5408
10894
13447
3177
9576
2141
2155
7679
9263
14066
9483
2621
12487
3298
7864
1029
9391
12119
3874
6129
5953
2888
11954
3103
162
5020
8822
1320
9257
4841
10728
8814
1133
7037
10399
6934
2242
9560
1085
4690
8985
4274
1603
1035
1894
5337
4027
10334
1122
12080
5579
905
12209
11533
2062
4542
7142
6527
501
4273
4036
3502
10659
13220
6766
11521
14361
8546
7663
440
3004
2199
12502
11697
9084
2278
4279
14420
8874
11032
12757
5318
11182
7904
2729
2644
11795
8352
2632
12239
6997
5026
8350
8728
6893
1799
14099
6285
3608
8810
10565
11658
1079
5531
13538
8488
6109
12822
8161
10607
7131
5921
4985
5333
8417
11699
3558
1047
7016
13885
5521
7145
6247
14149
2132
10602
5818
12198
10526
14401
10763
14222
5881
10541
6309
9416
5931
3473
2331
13193
8472
8732
4122
5132
1723
11373
3912
811
4233
1449
2483
6593
6051
9928
4496
7914
12604
13404
1619
13070
5328
13585
5897
439
4314
12540
8510
2123
13431
4984
1357
4789
4065
12351
3818
6271
13605
7867
11805
13142
10177
6601
1876
11482
9517
9546
6602
10440
836
10987
11816
10303
336
2101
4224
1780
5564
7215
9990
5783
13763
12816
11872
14437
5528
8616
6844
11028
1545
7666
8859
10574
917
9791
3498
1942
4312
10607
6674
6794
13518
1208
1515
11834
5024
5662
13823
14416
8448
8714
8739
1223
12438
6703
13411
13816
10546
2661
5658
9847
1903
10311
7951
10714
3483
3367
10492
4657
8221
10456
2466
7077
1748
5958
11157
12117
9158
2442
14007
13378
5273
9632
2399
14103
1659
522
9088
334
9707
9866
9699
27
4918
11522
10848
9381
13840
4019
11675
1525
7659
6902
2136
500
538
8657
1574
2586
13686
11152
2346
9339
1341
5202
1304
11016
9283
3542
13550
14153
63
263
5595
13240
3525
13320
11290
11836
6374
6446
1237
5421
1399
12263
5248
5314
14287
4486
791
2078
402
1693
1668
10785
3703
11823
2843
1438
14314
6266
9945
241
12856
1261
6996
484
2043
11512
2741
3375
1251
6351
4408
7850
13057
5454
3801
172
5461
11611
2280
1931
9666
2924
11696
7962
9482
12063
3345
6480
965
7362
226
5189
9233
3548
333
12698
9670
11560
9182
2654
10973
3454
5754
3845
1070
14579
13391
11271
3030
4917
7994
456
13013
9310
12529
5706
4742
4392
11976
7725
2010
4254
11651
10429
3725
6015
3279
12162
13824
5400
1209
9873
10037
8224
10415
639
9541
1582
1504
4443
4364
875
3698
14443
13641
11270
9259
221
5278
7000
12513
6643
2188
5063
9781
7276
9960
4363
782
9869
1826
9626
9905
10036
13760
865
10316
5053
2207
11112
4609
1226
8168
143
3658
12009
5501
2721
7777
2947
10686
8476
231
3171
3651
12051
10090
4419
6982
2930
11213
14652
2903
11750
1733
1716
2164
3900
8324
6263
1015
14300
8557
702
1205
12645
682
225
10931
4187
14113
770
8799
2902
2553
1989
8725
9635
12412
5631
9780
6182
1717
9854
13614
10676
5894
9860
12743
13244
7042
13024
5515
2451
8266
9150
3332
12711
3190
8183
5602
6664
11792
6853
6228
10696
5932
3880
5456
11021
8697
298
12272
3492
9281
590
6187
7046
1890
7782
12338
8886
13234
6485
13802
1728
5831
6616
9177
9003
815
12043
8474
13595
12566
8885
4414
1642
8104
6925
14601
9776
6823
1906
14341
10023
3102
14031
11350
6945
14231
12624
2024
13703
13163
8464
2633
7889
6340
14002
607
5001
11603
6078
14530
643
68
523
1296
11975
8831
8525
5581
1685
269
9251
3799
13302
9736
4891
5583
6842
5296
828
5158
7069
12104
3846
14476
8642
7866
5523
10243
549
6477
5329
4367
1607
10280
39
2249
10975
12206
653
779
7348
13133
1326
4108
13973
7501
5427
3094
316
1867
11009
5986
10147
13485
8452
2696
14072
11132
13153
12210
421
9445
2445
5636
4420
3785
1422
4972
125
8226
1439
5042
8018
5150
3228
4611
14408
12907
2956
13510
9867
1706
6170
4321
6415
2768
12241
2181
9532
9291
476
5028
12959
9644
9183
14455
12823
797
1140
10834
8064
79
9497
314
4204
6906
5650
1364
11892
12125
5027
10695
9247
3673
9841
5074
11831
5235
4106
405
4996
5810
2290
1349
8717
8977
6083
10291
10729
10439
6264
5349
7590
8901
1783
11263
3869
1497
9484
1534
7193
10947
3916
3267
8429
6261
9012
12349
3389
1753
9363
11830
2748
2007
38
4612
1606
512
5277
14016
9663
2253
11768
567
7062
9296
3377
9
6811
6507
14186
13350
7964
11673
9610
13112
9256
14622
12437
1222
13104
13118
12677
683
9389
10145
5102
196
2683
12417
5625
5080
12503
2884
11333
13412
2259
4626
7937
12556
13719
13179
13598
3749
7159
3318
11451
676
6258
13508
7723
4298
113
11847
7672
8426
12671
12107
10520
668
8634
9151
13913
2923
3257
4325
9340
5570
5968
8684
10839
3446
4902
1451
8783
638
10671
3892
12819
13745
10928
12880
4717
22
3760
13700
5474
9720
4558
5225
7810
13864
9087
4176
3541
4199
7722
201
14537
12371
59
4056
2793
6418
13829
11779
9440
710
467
10307
11965
14529
3211
1809
14127
11855
9286
9522
12898
11985
1941
2927
6772
12128
12522
3463
8818
9965
14018
12786
8389
6436
3301
454
8252
9477
13733
9302
11504
5679
1305
1580
2891
1919
6063
4961
2163
3209
11978
10345
586
3062
11459
11038
6439
8877
13926
2315
10733
9124
14202
5558
2734
6497
7082
5213
11930
4923
13786
193
13787
1794
908
9681
4098
13962
11358
11085
9194
13712
12463
10939
4733
3096
322
14022
6235
8850
3986
9931
14170
6195
11259
10210
5844
10393
13658
13744
1731
4458
11185
3535
13743
6059
3225
12770
1537
7108
3234
14117
1445
5537
8456
4410
11982
8748
802
2475
9208
7277
3821
8025
4920
4677
8438
5295
3143
6011
4168
9816
4837
10720
1171
11165
10727
9773
10938
6155
6307
1526
12797
14214
8106
7279
109
12111
14334
13724
8550
2257
6476
1230
12896
10079
9936
2389
7547
4796
4215
13303
7840
4193
6763
4330
11523
11039
12001
11684
8640
9723
3452
7720
6741
190
4476
7376
6762
9542
8442
10748
5654
2690
320
8021
4757
4035
9408
3936
8793
8170
14497
7757
6953
10895
123
13819
4266
406
2715
7239
2933
10133
9031
11771
11328
11524
7122
3814
12365
726
6379
8070
4876
8232
3170
3951
4021
4912
1007
9885
986
8986
14038
9876
11990
8879
6077
542
11832
5905
11818
7968
2095
7816
894
10630
2013
13014
9199
2725
14245
5476
13940
1000
10585
10479
10884
14191
9790
626
69
4765
9577
3990
7110
357
3811
6163
6119
6493
7856
5941
8262
91
1164
4090
7479
848
3920
5843
7774
4225
6588
8069
14332
9181
5081
8414
5751
8609
2701
9294
1664
9948
13754
2258
10121
7506
3597
13400
375
6181
11764
8631
8379
1314
14399
12375
9651
4804
2473
8022
6216
1495
597
12436
2911
2160
2357
3314
2244
121
10469
14309
14126
11702
7349
543
12943
4295
14328
4554
2517
5298
5577
11043
8287
10978
8673
12548
749
5141
1115
1207
2479
8620
14532
3447
3242
1950
14511
14258
4853
11510
11535
8075
13542
458
1253
10074
7375
14200
475
7199
6605
2029
2541
11380
10946
9716
10814
13630
160
2579
4877
9745
3217
4259
14538
14386
10077
13645
2017
6910
3898
9398
3330
1919
9085
6923
12309
2922
11146
6963
3035
12991
2940
6236
13938
7755
5443
3960
14510
10547
7645
9030
2184
12083
3576
954
1131
8081
5338
13737
12109
3998
2216
45
12719
5694
14342
11518
4003
12323
11435
10028
12780
8318
8661
11353
9553
14412
1074
5794
13898
6751
8766
4541
11599
7731
6312
10
2490
7667
3819
14227
2950
13966
11386
6132
12741
4666
1329
10576
6233
10797
463
1013
12322
8026
13188
1428
4935
2608
3614
1441
7657
9552
7018
14046
9349
6613
13272
993
1375
2110
14483
6232
11860
2326
12441
4267
5566
8871
4595
2289
588
10086
4459
5122
10401
1218
13029
10382
12167
10190
12062
9503
9500
7012
8520
11777
9229
12110
13672
7762
13694
5049
536
1225
388
10929
11154
11525
2472
13649
6231
9656
11555
11134
13187
7690
158
11503
9189
3674
1358
5352
7620
9674
13565
11769
7870
9992
1427
5305
4903
1511
3919
6594
14539
9898
1638
1099
13893
12078
2799
12448
10590
13755
9878
2901
11262
13734
12134
13914
4856
13280
11710
5386
3395
14013
5381
11767
2521
11928
11053
4252
11337
10674
2816
4030
1224
11735
153
13923
6375
13046
7282
9118
5596
10354
6426
5674
10881
5770
1061
9452
9655
7830
14133
7988
10167
13058
9692
14204
6499
3838
5458
9018
4363
13887
13848
9330
6924
2012
11549
10790
5820
5686
4628
268
2414
9471
10070
13678
5128
4069
14484
5117
6337
11072
5407
4812
1343
13215
13006
2133
3621
4091
1021
6042
3291
2872
10297
6520
5737
2560
12748
1087
14648
5540
2282
7780
10284
7933
5060
7820
7557
179
14277
599
895
8724
4332
8930
9420
12955
11360
11972
5362
5365
8811
5098
5319
12423
10863
13259
2785
8019
1010
12774
8388
12056
11031
220
11900
2186
777
9832
1244
10656
6876
11238
11133
12925
3929
3075
95
5885
2650
9803
1443
5224
12840
246
1054
7611
223
2599
14015
14092
7796
3974
286
9884
699
1864
13379
2424
4479
5373
9677
11910
13814
10699
8401
11904
6172
8768
13827
12919
8602
8326
2395
4412
11076
4914
3567
10483
271
373
12215
5580
6626
2212
1855
6781
6724
6508
283
5327
5297
593
1830
3303
3394
5829
3606
12267
2323
8144
2471
7656
14021
2926
4370
855
14359
9887
9946
11362
2124
14169
7167
14164
1418
13027
1141
12459
11460
3859
6657
5036
6904
7074
6504
4688
13091
533
5118
5640
6542
1366
3158
9767
400
3106
7916
10253
4564
11808
13919
649
11396
6430
1278
9451
6999
1804
14027
1053
10782
14508
3317
8692
814
3115
3493
4139
6962
5621
662
955
9591
1048
3482
11442
6877
13044
11513
10179
9909
14053
9027
10044
2297
367
9994
3685
12231
1391
7100
8869
303
6404
2562
12396
11622
9029
13711
799
11926
6445
4156
100
11206
13969
6531
9101
3713
3436
1513
6204
2239
4220
2910
3753
9639
8475
1736
4519
13492
5910
618
9783
6143
3769
2157
12690
2842
13911
2041
12764
8150
10497
6169
10708
8322
1746
7009
1388
880
2167
624
10916
8594
14353
10061
2425
13980
2223
4323
12732
12793
7959
6609
13191
6412
12978
10962
4398
693
10582
12480
14102
1152
1652
7268
9984
4327
343
11366
8925
5655
5287
559
10486
1702
3762
8353
7478
11786
7545
6559
8235
9404
13584
10255
7553
5126
548
11865
3550
10024
8588
9432
10491
10233
11404
6572
4722
9942
8835
8343
13846
2999
14479
678
1811
9897
3321
11064
1114
9657
773
4754
4140
8623
5510
7534
8038
12477
4839
11708
9320
8248
6363
5712
817
384
3684
536
7341
14064
6045
2836
11236
5675
13650
14105
14194
1200
3662
6543
8705
6134
5671
647
14411
5233
2248
3451
8500
14474
8921
3029
9829
10276
9368
1202
1450
11408
1377
8049
7462
14627
7233
6173
10788
2694
8758
394
11412
13261
2213
612
4010
13392
9658
7203
478
2138
13656
13335
1238
6791
8370
11602
9465
12088
11410
7217
7369
7940
5911
14308
2460
13039
2103
393
689
11833
13406
13618
12185
8003
4258
1097
14032
4805
670
9698
2855
3259
8574
3233
2393
11065
13236
5609
13524
12549
9637
12811
9042
3817
323
13674
10675
11643
1576
9545
3000
6743
5137
577
3513
13032
4735
12376
3743
13298
4521
407
14043
11887
4377
12050
10704
2783
7716
8255
3475
4322
3472
6949
6431
7315
11558
10830
7221
9112
7769
7944
12828
8281
12251
12570
2379
3122
8156
11169
5303
8313
13480
2775
3570
14354
8036
9081
4017
110
1629
14496
10912
12026
8162
2662
9262
12388
5064
10974
558
2487
11639
12096
11069
11890
8619
4697
5010
4790
8409
732
6552
1452
5835
9145
8469
14047
6209
10753
77
10201
9498
78
9364
4438
2699
12049
9917
13445
4623
12686
10108
4028
10015
3270
11955
5329
14035
330
9772
6812
11660
3528
10073
8553
497
11315
14268
13946
4286
8329
93
2807
3248
14082
12965
6972
8552
12271
8606
12950
11476
13000
4351
8302
9975
12911
6259
12664
13177
14355
14462
1398
4356
10677
13427
3438
6714
901
2682
11811
3932
7832
7257
1386
6818
2560
11184
2097
7022
6736
3881
4192
6636
4596
9000
5432
1044
6148
7615
12000
4232
487
13337
3039
3116
4616
8432
13250
8651
4665
4357
8486
1684
4725
6469
14062
10277
11694
1194
13119
5249
288
9035
4428
8752
11752
11884
5795
11170
7453
3714
11605
11977
2116
1578
12721
4522
6007
6195
1378
3692
7787
7258
12343
11898
10159
4767
4061
8498
10388
13960
1448
10445
12034
2064
12890
9752
2441
5011
7164
10579
4052
195
13388
4610
11104
13812
3683
8065
13892
14566
10265
7111
6915
3682
10286
602
6046
215
8404
621
902
11359
6463
10919
3117
2559
6769
746
108
12193
10688
5471
9634
9455
566
12180
5490
10897
8088
1983
4825
13794
12871
4791
5678
10712
1991
8772
11758
4921
11526
6529
7919
3129
2530
5725
6142
5229
12017
13203
2582
10134
14145
5626
4930
12694
10855
3603
5859
12183
5052
886
860
13338
13248
12061
12161
13611
8441
4080
13839
13570
5568
12131
11963
6907
64
12712
11219
9228
7292
10807
688
9903
3745
8979
13908
8848
6478
10022
7265
7388
5591
11536
7119
9221
10628
5390
5951
181
6403
8381
11997
6488
2374
12467
10065
13736
5087
12903
14468
13974
12287
648
14229
12782
655
1721
8968
6747
9005
7496
7367
12589
2059
2766
5937
9743
11967
9372
14582
2609
8931
14631
8425
13692
12039
5446
5183
8288
11592
904
3370
7208
5503
9241
2921
4427
8055
6968
889
6444
3890
4801
6589
5809
5935
6992
11178
14112
5254
8418
3592
11790
11843
12560
9024
11502
5377
10323
8923
2687
2896
7344
11370
5055
7635
6154
600
9919
7696
11062
3732
10250
11787
5983
10020
2089
4800
8747
9309
14139
12054
13194
7255
11870
844
6208
6025
12066
12118
5534
10974
2773
12895
4895
734
43
8536
6931
14188
2206
5480
13097
4200
2788
12199
6475
13435
8596
14140
3327
13813
4911
4532
3778
5444
13770
14273
3507
13451
11037
11939
4031
11420
14219
10765
12316
2717
5532
511
1065
585
4850
13499
10102
8282
12429
2629
3655
2484
11490
9203
11240
6272
10592
11507
3639
3557
2001
3453
8551
5823
1494
12227
5705
13030
10420
10837
2047
8515
5753
7908
1679
8813
6977
10308
6887
4970
1566
2807
12655
13752
8912
557
13365
4333
455
551
1456
1996
4933
7055
10684
3559
1335
10351
13551
13591
12802
8317
9353
5243
1336
11012
8927
6278
5143
1154
6386
6891
3902
4673
8680
3127
8231
3678
8645
8867
541
10923
4506
3485
798
468
11867
9836
1873
7678
2528
10304
1163
12807
7852
9022
7289
9811
10417
409
2125
13796
11105
6353
9815
7043
13195
11411
12702
1616
1907
5985
5348
7999
5645
3071
967
2593
2353
1420
13540
4843
11964
1517
8376
194
8499
13617
7887
3619
11583
8828
14501
12005
2354
3911
850
2294
13317
12442
7923
7516
8898
13217
3643
4826
7872
11434
11650
3080
2959
7843
10601
6201
6510
7073
1949
5682
5804
2668
14025
9838
5239
12281
2738
10709
12485
3183
3003
5379
13205
11960
7132
1752
2635
14351
13836
8093
14003
8481
14087
2706
2394
6443
4983
6546
11301
10951
526
12776
9690
10326
11636
2131
2540
14049
9299
3118
13358
10689
9266
4940
4663
7006
4852
13932
3057
10264
2638
177
13706
5173
2314
11913
8154
1555
8082
6081
5789
8948
14389
3496
3693
4372
14122
5969
10551
11932
13626
6698
8421
13809
5802
6554
7447
978
8870
2655
6960
2737
2691
4328
2707
8959
9593
4024
12140
10890
9002
9880
5341
1839
14068
3612
13523
14358
12173
4101
7596
9125
1853
10228
1729
6089
12333
7271
7856
12044
13207
12524
250
12997
452
12258
7647
4507
1185
11987
13279
3025
13748
4513
14119
3146
14487
13964
13782
6798
12151
10626
9501
1751
2055
1663
12064
12948
9052
7359
7949
1520
13242
2208
915
6288
10702
4152
6532
9538
11317
10460
14406
13559
12084
12787
13252
5035
854
824
5724
4281
12917
2831
7109
12784
8438
7301
2032
12420
771
11014
5992
2245
8284
7202
8899
2392
12100
7484
12915
11199
5448
4643
935
3411
6901
11057
4264
1051
8756
10235
8123
7585
3065
6396
9573
9754
1411
9011
7116
13396
1550
6631
10874
12673
11906
6528
5825
622
1610
3577
446
9564
12799
13958
9537
7687
6394
3524
8991
431
6964
2503
488
14494
13277
9396
13143
11668
3417
2429
10269
9444
11538
1699
8533
7707
11247
1410
9801
326
11316
627
4360
2667
1875
6354
4766
6816
4964
12127
10471
1458
1859
6437
6432
1835
11517
12865
12336
9775
9282
12934
8723
6518
13464
4004
5973
14190
6848
3107
10180
3396
6586
11986
2637
12855
10562
11401
11770
8966
14199
4514
12665
10914
9795
1833
2074
14366
6717
7163
13329
5086
6218
14232
12772
2825
9600
8194
10519
57
12212
2852
13416
11285
5449
12319
3847
6092
13702
9629
4646
1444
9668
13004
4834
3045
13201
1823
11947
6810
10175
13072
9401
6359
12788
8241
3826
6629
440
752
10094
11693
2920
9450
14011
14310
12314
3409
884
199
5002
4544
5961
1321
5219
4579
13728
10208
11781
10217
4751
8410
12516
1491
3761
11864
4655
10823
9453
4654
13197
2751
9613
11123
6770
4074
669
3427
11481
9523
13266
8702
4317
460
7200
1754
6852
7157
4815
4282
3480
12992
5281
8688
301
12746
780
12265
6168
469
11945
180
12329
11951
8200
8169
12714
3595
5660
10383
5260
6580
9028
7125
8238
2735
4689
8807
14183
2299
7309
3843
14208
715
12031
4986
60
4272
1011
11948
7079
6111
2189
12288
13410
8501
962
8894
10741
13488
10328
4251
11438
8325
14556
1969
10865
4130
12630
4041
5351
13122
3366
7283
105
4386
3255
1711
8440
10384
3041
4773
7454
2187
13131
1480
13145
9580
7572
5605
1523
4197
8290
10282
8446
11627
14329
2753
7343
10590
5536
8110
13159
5138
1474
11151
8391
498
5855
9700
10690
9051
4046
10459
14146
14274
12143
12806
6689
3309
3391
11116
3583
5608
11796
7204
3471
6225
8080
11465
11941
9277
2410
13200
14127
8543
10875
11095
12443
4436
417
9515
13084
8107
13660
5912
3650
284
11122
8052
5030
9107
2218
8798
1639
2642
6139
2508
2058
10908
11334
5478
7385
3036
8978
5681
4547
12975
1726
16
7393
13798
1455
7727
10958
11725
982
8932
6695
8293
1966
6957
7871
6102
3706
6289
6577
4636
573
10485
156
3876
13483
13064
14593
759
6937
7577
1963
4143
5171
4048
4880
6190
7629
2970
11299
2756
794
14363
5700
3340
3850
10794
3765
11106
4181
10106
2964
11849
8109
6099
5462
2437
2152
5815
13156
5237
1976
13343
12921
13316
12214
2664
11044
4536
9617
1148
6061
10051
6570
3533
1795
8786
14173
10082
3325
9853
8035
6065
102
5544
2486
9877
4896
4209
9766
3418
6356
6649
12184
10343
7680
6406
3552
6826
7104
8659
12970
9513
11823
787
3192
8566
14252
11114
11508
12807
28
7556
3733
9115
4785
9461
2229
1204
3721
4897
5756
4433
1130
170
10732
635
9280
9499
9571
10378
579
4531
11054
7898
843
12935
6116
13198
2149
4570
5121
14289
11968
88
1102
5154
4452
7891
10317
10310
14316
10746
10381
8336
5771
12614
7587
8242
6495
6627
861
9333
1641
142
3646
4592
12826
5763
12760
3214
979
14071
6205
5764
6956
1216
6096
10251
1905
2246
9581
1063
713
12565
7291
9771
4201
6929
1167
5340
9912
1089
13336
10857
10900
9849
12825
6912
5876
13758
4533
10025
12238
12277
9820
10661
14006
1018
3189
2120
2121
14613
9481
11291
5900
1584
7015
11798
13251
3221
5332
14535
9187
12461
2720
12211
10608
5145
7540
8846
13769
1231
9579
3429
2898
14379
7946
3997
8000
7128
3295
14301
10718
613
9469
5021
7227
7222
11215
2336
13994
8245
6827
13575
13998
9874
1703
2298
10596
7767
4848
8940
5109
9323
13928
12141
12352
4326
3995
8681
2457
4362
9865
10543
13390
913
7275
8963
9227
7854
630
9169
11862
11645
9941
7177
266
7783
1415
12068
2499
8337
8769
14143
12055
9638
5425
11453
2342
2436
5697
6534
7381
11755
7548
14181
264
46
7172
6833
3468
11143
4693
14398
6596
13537
6237
86
1161
3012
1760
1553
4545
6704
49
9121
13218
3611
4892
4308
9376
3151
2498
13563
8171
12259
3873
11308
9433
2858
5814
11509
3175
918
305
7404
9402
1124
13604
13528
6620
2111
2421
9240
18
7536
9080
6822
9358
1302
101
3572
3642
8160
1173
6105
1197
9503
8804
3579
9528
1657
10084
4652
7909
10230
4431
6135
8116
9902
13424
3627
2144
5858
4516
6680
13169
8275
1704
1346
9977
3099
7048
1552
7884
12993
7948
3006
8686
5648
11827
14569
11784
7581
1618
10671
4487
8568
3421
13899
14083
12881
3924
3413
4245
13665
11497
3863
1151
13372
10522
9718
1518
7155
2390
5114
13088
11209
12785
3314
3517
5684
13756
7600
12727
9647
14427
3490
11873
9289
8507
8910
9017
14090
13476
6948
11893
14467
1940
1851
4159
10768
3903
2885
3215
12478
25
9751
13444
9041
7493
921
12713
5459
5699
2465
11422
13160
8792
9313
1166
7470
131
7448
5652
12558
12768
8365
4795
6001
3509
4085
8627
8502
5816
11097
9195
6402
11090
5371
11575
6799
4857
4482
13761
1793
11267
9614
1125
6315
2531
8913
13348
11311
412
5251
714
14223
14014
7481
12350
6725
13996
7420
3288
532
1352
4453
8014
685
3804
1569
436
3545
1111
12672
1263
3337
2174
13648
2070
1828
6537
3962
2495
5966
5813
12129
2067
11234
3033
14371
4962
9684
941
11375
3526
7879
4500
4622
6889
9245
9526
6517
5854
6459
11048
11431
7575
10360
3893
8101
6650
12499
605
7152
8564
644
14612
8569
10422
12926
6425
10424
6583
10137
8357
11837
7452
7095
3275
4430
4468
10260
1902
5215
8674
12533
8010
3938
2904
14349
2986
7407
6314
1198
4058
10306
11126
9900
4079
1093
846
10535
1688
9029
6
6212
10754
12002
2951
4437
589
4538
7429
10468
7439
1038
10305
2529
3489
6922
4778
6617
3230
8868
10694
13288
673
9911
1692
13085
3371
6079
10752
1807
4678
2279
7312
4025
11667
6860
8490
1437
474
10993
7197
3331
10392
9656
8114
10954
7075
5498
3599
14238
4157
12353
14293
1501
2954
5253
82
8338
13909
7848
9040
3439
8445
5850
8397
337
11384
2728
12967
2224
8653
5033
12458
4988
10652
10621
1111
355
7243
203
13872
2990
5085
2147
9542
6634
4844
10375
7658
2127
11692
9387
574
5304
6768
7695
7938
8435
7993
12016
5494
12337
4951
11686
12279
13268
10003
13167
13269
9308
7471
2087
7662
1710
5984
10654
5996
10219
11670
11286
13285
13629
4345
3397
5307
13858
2263
12884
1288
9144
426
8312
14269
7661
10162
8443
11621
1678
10707
4811
11594
758
13183
10275
10534
1108
7931
14638
6614
3300
9300
7003
257
9415
7861
9799
1732
4864
12266
13151
8078
4236
4924
11638
12462
3943
12156
13101
9406
716
13676
4464
6646
8548
12508
3654
8459
13536
9794
11058
7151
9470
12578
8875
5486
6850
3329
9524
13979
3001
6940
5683
8873
7728
9388
10227
3251
7377
4112
11136
11734
8458
6375
2625
4675
11421
1995
8436
2304
12257
5893
1831
14639
4560
12197
4671
3182
9355
2908
12137
6829
4115
103
11891
5955
11608
10335
13688
9982
4096
3913
11527
2367
10138
13080
13877
550
9023
12815
2065
1057
12720
8669
11066
1877
4950
7472
13208
9236
6653
4828
7504
1608
8340
7244
6377
4302
10905
5380
12020
11709
6338
12240
13231
9230
9886
8969
9344
9383
9414
12023
1714
8182
6056
6243
9050
13725
6256
3382
12354
4483
10687
1196
13428
2214
11584
7537
14345
8904
10256
5481
6145
11962
3963
12274
1784
1524
1265
4307
2516
8598
9848
6864
9761
6153
2415
10330
7465
13089
10850
1596
7444
2939
11618
8057
11307
4291
10841
4229
2093
3527
4945
7734
12735
5346
7165
5585
10172
5741
8926
1376
5641
4456
2325
5576
4198
8164
12509
7133
13831
6090
10120
10236
14518
6573
2612
3899
3959
3072
9303
1381
9959
4473
10635
1055
10571
13481
13835
6141
4244
1908
2322
12306
4263
2119
104
2648
12963
8167
5767
10248
13600
8585
13446
12744
10616
3653
13223
3334
3561
909
7280
11807
3797
11544
8347
13021
8591
10010
3584
8355
3751
8918
2337
3462
3521
6449
365
7595
2156
3661
2928
760
11908
3767
5153
5659
2827
2048
13556
61
10868
9602
14114
5839
4470
2182
13918
12347
5029
14085
14390
5993
2321
8658
10196
5757
7811
5431
6137
6947
10997
1053
9648
12262
6323
8294
5708
2820
878
14185
8103
556
3835
13270
6847
11683
13161
12425
6683
7089
12753
4953
1168
919
5182
3728
2450
4402
12606
3867
9808
9756
12518
8330
4823
2076
11364
6127
9798
6017
754
1841
13105
5768
5587
13399
8806
1829
10856
5806
3123
2455
10898
8704
7549
4131
992
8377
6496
4336
7906
10410
2197
6672
14010
11875
1367
707
11406
13324
10097
5488
4505
1750
615
14449
12147
10633
5167
493
10663
8514
8470
7332
14434
2866
10301
6082
3149
1643
12615
14559
10649
3671
9382
13009
12962
5129
5811
2481
8996
141
6701
5293
10405
290
5168
2431
12204
13355
8433
11641
6241
5533
11266
2605
4383
2412
339
12593
8394
6557
5886
13826
14216
5976
233
5919
12954
9055
9599
13675
6023
6509
13882
8809
3667
6780
5601
3832
3573
1934
5805
12390
5323
6976
5896
8919
3950
5234
7711
8895
6566
12139
3139
12867
4170
5387
2551
10559
13783
3068
8955
9473
12170
81
4840
9527
2665
2722
13903
1106
6239
8571
14138
7588
1602
13276
3882
12517
5470
618
7846
4819
9379
10395
9062
10774
7225
10232
3302
572
10840
4230
7834
3716
4659
11231
12246
13953
4039
1177
4163
3937
14041
11966
6380
9918
11902
6969
5475
10046
6635
10408
5668
2569
11657
14505
8098
709
12579
14048
9825
3958
12501
14615
11131
4898
3952
3290
11972
1078
8243
5624
2777
2409
10606
13149
5037
11756
7363
10618
8815
12603
285
7406
12796
4769
1613
7045
14302
8054
11665
13051
3354
8361
12947
11096
3795
182
1440
9661
9695
5801
9468
315
772
10397
1954
6070
933
10105
11907
11813
949
9488
14174
13263
9057
5747
3971
6378
10552
12844
3293
9712
3649
1945
4472
306
12953
740
9326
6047
505
2053
3708
11355
5207
2169
5688
448
12407
10915
12089
7750
2453
9845
12470
8556
10646
13426
11344
4705
10349
7541
3830
9701
4287
4782
13478
10045
13385
11917
12346
6305
13116
8837
7373
14447
13356
13310
11543
5940
837
7242
5092
11570
10116
157
8776
7065
1764
4969
3964
6819
13933
11423
11642
6980
11623
8933
10252
4729
5412
396
3531
9512
3851
6671
8028
13615
14419
1516
13150
6878
3137
9857
5394
3278
11480
175
14428
11505
3591
261
430
10960
10761
3476
4809
14012
11736
9038
11999
5547
13888
2890
8456
3878
7927
10532
11501
12976
7106
7187
13185
10682
10907
4725
1382
12684
9861
5091
4495
2506
9574
9789
5710
11909
2081
6026
14588
4054
1912
5987
2284
4318
5594
9601
12574
12431
9681
5424
11268
12569
2993
6706
4889
2883
1660
3724
13069
9892
9924
6036
2602
4380
9026
13820
1387
11612
171
119
825
11664
14030
324
11413
26
2557
12189
5442
13916
62
11732
7411
4633
8577
9937
6008
1587
1904
3351
10970
11289
2897
2311
1697
7067
9075
7791
6253
9649
7080
859
6895
2307
11440
1318
5633
8504
8755
7380
9607
5616
7827
3675
789
1402
3478
7176
8
9551
7117
2082
8214
11027
667
12085
10815
6731
10873
11547
10737
6888
8896
8954
8129
10241
4510
7053
819
12301
2960
7675
2645
10775
11140
9817
8216
2773
1669
12414
8508
6767
2963
10259
9956
13123
10148
554
1935
13766
13056
14024
12079
11577
8709
10965
6128
5988
3854
5302
2833
4704
4759
11745
11036
7603
11351
5994
10784
1284
8775
10570
3365
12866
6894
14522
3590
13915
4429
1744
13117
4741
13558
2784
9539
6229
7715
8225
11703
11749
14249
6655
8970
12335
13083
4218
11741
3994
3586
1671
1413
8584
13567
6946
9091
2005
2618
2812
4276
3086
14279
4919
11111
561
10115
1541
11429
10142
6164
5519
11567
1052
4681
11520
2610
13681
5282
2094
348
11348
3805
6575
9889
4550
601
5148
4884
8607
9322
10672
10866
1475
13647
13957
10638
14270
1186
13983
6873
6763
5485
13834
7613
12154
7068
11615
10701
3972
13613
2420
13465
13354
1058
11280
12223
956
8295
8864
14531
4290
12255
7522
13822
9784
1239
11556
4366
9586
2848
10612
9645
12845
4494
1914
3166
4207
12805
10474
5068
12495
3268
11084
5520
5732
11349
3630
2344
3587
8450
12839
9337
9636
4639
8675
1813
13100
2300
10692
4618
5777
9962
12220
11760
1790
11161
13043
7860
3596
12607
737
2523
2079
11886
12386
3444
12901
3205
9955
3534
11723
5313
10669
2596
13202
12290
1897
2404
12761
10173
12668
9698
14326
13067
14242
8903
8853
3536
5718
929
10038
12046
9222
10215
11080
4761
10350
9594
12053
5746
5934
10651
13267
10758
7989
9733
12546
7739
2755
13889
5493
3504
7743
442
9492
4548
10599
14640
5563
3523
9412
4731
1180
7996
619
13304
118
12557
6750
1531
9935
1978
3400
8124
4593
9502
89
9449
5758
545
1822
12704
9272
427
9565
7497
184
5826
4293
2228
8529
14110
1004
8626
251
116
11644
11587
2868
10700
9703
11944
4369
5687
3199
12213
8993
13018
14641
9096
7013
5044
1672
9006
13997
9769
7293
953
6884
4180
13283
856
4807
806
4584
5357
5790
3888
5738
9103
9652
5238
13965
12598
14469
10538
1705
13927
12933
1116
11655
1667
9454
1189
1002
11677
7563
2492
11883
9014
8838
7090
10518
2128
1734
8011
2864
2143
13640
12949
5728
2547
1155
4401
7508
6533
4382
7418
9197
11854
2260
1654
1991
13020
13992
12555
1353
3875
8698
6688
12224
9511
11288
12595
9519
3710
8283
5695
1827
13528
8796
441
14407
3704
5105
13073
14475
7654
9597
4723
3556
3002
10462
4089
10285
13856
5040
10500
5183
7510
9148
9744
10845
807
12724
7899
3702
666
9239
944
10203
13639
5161
646
12264
12894
1605
13432
10622
11530
1105
72
5657
13455
14525
3326
12445
1077
592
3928
7795
12759
5420
3985
10103
6730
14209
2402
7886
4210
2274
404
12708
4179
4066
8297
7882
3274
1599
4760
11630
1464
12367
1020
6071
3961
14150
3058
7747
7761
661
1621
7764
5301
11040
10640
7939
2571
2468
3398
7175
5157
4734
13292
5548
12946
5127
9782
1009
11346
4942
719
13546
13377
11478
2606
12188
2060
9095
1338
5422
10398
10270
11074
8791
3168
10527
7748
9426
8378
10516
13586
10629
8012
3777
13380
4097
7950
8664
8423
13922
5193
8059
3352
5889
9253
9180
8455
2241
4460
13731
8726
8820
1028
10096
2764
9659
10046
10508
2340
12762
10389
4658
183
10182
380
10366
178
13125
4442
8911
483
12493
5139
2275
11748
13463
6612
340
5170
9605
999
8280
2474
1825
13757
4005
10769
8760
13126
11766
7422
2859
3930
12507
13867
10825
8132
65
13883
11318
3402
308
13891
10475
12341
273
14378
2019
8419
1984
8137
11354
11882
12234
8193
14394
6870
12777
9025
12966
12406
9722
6149
12022
1056
2002
3412
10940
11957
1461
14128
9136
10058
7038
7609
3053
13995
9616
2287
9142
10817
5467
9417
3160
14581
8207
10772
12006
6739
10126
10793
13726
7920
5513
451
3503
5865
10057
9871
12874
10653
13474
3501
14305
6787
4744
6242
13186
7627
4591
1347
10909
8535
12773
1174
7971
14482
896
13753
13138
5076
11946
11774
1026
8545
6185
13991
2061
1234
529
733
11720
8485
10043
10943
8639
1885
5791
11217
3144
4063
7070
8201
13212
7644
11189
13685
7264
2998
1595
9596
12087
2306
7424
6020
10261
9134
5261
11961
14515
5169
5573
3052
7967
4830
9604
130
13981
4755
11450
5975
7468
5860
13168
10968
842
1477
10505
4092
5840
8041
13471
5618
8646
4331
10448
9750
11548
5358
5610
750
10226
9133
10434
2072
1219
13180
10998
5619
11695
5110
12342
11578
14318
9311
8249
14632
245
10223
4175
2068
7274
9973
10315
8952
2577
14633
6754
10713
2829
486
11715
13012
1611
4034
5917
4783
14649
4739
12327
1997
14250
4182
4002
346
1930
6237
11876
135
9321
3991
7047
2604
6196
7936
12870
7570
10986
1952
9131
2205
14045
376
4435
6727
4288
4255
13901
1041
1651
13132
3539
389
98
12647
3593
7625
12775
5963
3540
9819
4329
10185
3401
13257
41
3645
4492
8842
11532
9066
8482
3739
481
2685
8341
10833
11013
12820
10031
9974
11125
10597
10171
11052
6898
14477
4781
8139
9399
2671
3405
11073
8604
5360
3133
14563
13807
11923
6410
5262
12612
4478
8777
10593
11888
457
10237
14093
2447
7602
2899
1957
7542
11711
9640
12303
12534
6482
14567
1283
14636
8750
11197
12617
10655
8592
989
2949
4051
6591
7586
10245
2841
9384
3631
14365
4093
1626
13852
10802
8740
10174
9193
2237
762
13768
10670
7831
2511
12990
6550
128
7050
12725
4009
11803
11294
7327
4493
4780
13673
3927
5692
4228
14158
8824
1272
13669
2283
6193
7669
12397
4457
13238
13364
1276
3677
8066
8119
13805
6347
14509
12781
6647
6642
6484
11616
4928
11628
6030
9357
10007
5927
8957
10462
7269
6654
2871
5775
1294
7270
10087
10982
1109
3924
4968
2567
13841
6009
6526
12300
14321
414
6106
6393
3019
6016
12415
9957
3718
9858
3479
12680
1183
10972
1939
5878
7607
9056
415
1637
1417
13934
2792
674
12330
11751
8683
5012
2945
6076
13293
3079
9967
2913
12207
14317
1801
5869
11953
2698
5629
3408
6524
3853
4171
13984
5780
13710
5696
14421
4991
4590
751
12476
4484
11079
11306
10578
6978
7636
5954
11776
14056
12514
5973
1964
11265
4652
8303
6234
6313
8461
4071
13631
11313
6166
13433
2098
6350
8454
12918
3906
11610
9570
9963
10370
9476
5500
7160
8830
13643
4029
8068
12559
6465
2439
14255
2470
473
9248
7219
5643
10988
13593
7646
12108
11635
727
7706
9749
236
8558
2102
6440
6995
234
1275
13264
13233
948
1897
9231
12747
7101
5203
14384
7845
2584
10170
2972
11815
6254
5311
9715
12618
7567
9225
12628
12791
6120
7674
360
8375
3925
8263
7207
2106
10871
10198
5904
1925
14368
4094
13327
11848
6074
5554
5542
8083
6491
11742
34
1990
8143
425
8411
10926
1493
1976
10131
13312
8120
7700
5006
7103
5964
3428
9863
6302
9004
13230
12576
5418
6033
1730
10788
3580
14568
5541
8199
11371
11168
5372
3442
9731
6885
3368
7427
3983
2869
9933
3474
9929
7503
6372
3101
9019
4390
748
6397
3280
1311
9592
5666
8206
3781
5722
13258
1840
899
1880
10112
9217
12644
13482
1798
2606
8392
4685
5562
4007
10222
6112
6760
11471
7799
7016
4359
8405
14620
4862
1507
9156
1982
7523
10586
4076
5111
3465
335
8917
7926
1165
10193
10338
14009
1088
14267
6874
5218
13632
5593
2931
13947
2231
3032
12313
1559
3310
10627
5526
952
9234
12648
7353
13771
11007
11631
12194
9521
8173
14061
5948
7338
2809
11936
14590
5863
6735
8332
2745
2607
12707
1342
4908
12837
13313
4583
6502
8477
14491
10820
4303
7489
12979
14147
1389
7248
3722
6335
12739
1874
6230
9418
13120
2942
3384
5222
222
4269
4128
701
6473
3555
10587
12755
7445
9741
13931
1250
11974
9549
7328
623
2332
1268
10033
6191
7261
12465
7238
3827
13228
7932
5698
9220
7897
9691
3136
10805
3038
10966
10513
12505
2372
4563
637
3915
240
1938
362
5180
6547
5506
6268
4488
8422
2863
5807
13560
12488
3069
10832
6897
12531
7423
6006
3992
14457
4960
6171
9540
13505
11554
3966
7246
6840
12308
2493
4191
10076
4814
13616
13339
2976
11840
9336
4994
8373
938
239
11098
6411
9362
10889
8505
13569
1866
10183
6246
10631
12232
13459
9070
1488
12765
4910
4870
2558
2849
12638
8617
5018
1043
14166
9719
10849
11352
4418
9201
7502
1229
14642
14240
4802
8924
7414
4109
922
1820
13894
9188
3812
8988
13402
9232
8554
1600
12395
12366
2476
14100
5134
14444
633
6021
5959
13262
3155
3908
7138
3238
4148
5733
1802
12292
10464
11389
4977
1008
10583
8699
1850
5468
4987
6040
1929
4277
6903
5882
13319
9065
3056
7324
2736
6028
5179
4976
13850
13801
6913
9725
5911
5223
1933
3308
11969
5734
1747
3736
1215
4515
1289
5294
2204
3126
11458
12139
2198
2835
6548
9167
9611
7551
2626
9548
7997
1806
5344
5850
12483
6756
13124
9625
9032
13111
12187
14445
10996
14163
4126
3532
12148
13705
11256
9598
13098
9109
4947
13554
717
13430
5073
1271
329
4285
7862
11118
11179
3119
2254
11754
14348
10738
9329
3196
12298
11743
5155
5005
3363
4160
8730
1127
6991
4601
5403
4072
12421
14415
2797
5047
2364
9687
213
9654
1593
11211
11035
8039
12135
13795
9682
3124
8819
12605
7093
7721
7039
7812
1059
5104
10959
13868
10344
8194
7616
10072
5727
9714
10118
8300
9612
14033
659
13833
2746
1158
9110
2176
13860
1119
4518
7129
11973
11793
1160
14472
14155
8272
5550
11484
9693
9120
9844
1766
11519
10930
13074
1090
11737
2255
12242
12984
12325
3849
11529
1073
114
9200
11824
7450
9531
8887
75
1081
14377
755
5013
8713
1842
914
13521
1683
12602
7912
14005
7210
10396
12654
6515
13265
7785
6178
4749
1759
13468
7857
9127
1112
5108
13662
8360
6091
5043
8007
9759
325
10425
12728
6849
1810
3131
981
5945
12827
7990
3456
1858
11700
2090
4704
11801
12256
14142
12393
10511
764
3789
3955
2044
14448
14481
12794
4912
942
4141
2616
13038
8509
2823
12382
10433
11367
12790
6038
2702
5716
2491
11609
4461
14135
994
1319
12132
5090
4656
14356
2515
9141
4614
14528
5539
13398
4702
11342
13937
5800
14148
8382
1535
2380
1435
11598
1334
10452
6930
7838
7118
6447
10195
3659
3201
2613
692
10698
3385
857
6808
10135
9425
1474
1191
4407
752
9785
11574
13425
7758
9788
5677
14336
6013
5336
10660
2997
10368
2328
4703
3381
1937
7619
13667
8099
3077
1544
9034
10502
4967
5009
4342
3866
5410
8866
6986
2310
2122
12544
163
8971
11943
7500
139
9307
11148
1604
8678
10883
7034
11163
11150
5428
12877
2291
7520
11392
8854
6395
8712
3717
14548
5704
14069
11198
13818
2552
10154
9680
4888
10016
14152
4937
4867
1944
2782
9079
11260
13680
9099
3224
13498
7749
7032
3246
12995
2719
6865
7437
5922
3307
12626
5466
9435
14028
13750
10795
1632
7766
4602
3403
7399
12168
7544
5151
10808
4348
14418
390
7771
11733
11989
6979
1708
6758
5438
8374
13318
477
695
13963
8462
8045
2975
11983
12019
11649
8613
3822
7650
3520
387
1892
609
9620
13637
14603
21
961
4692
1227
8073
8434
3084
12115
13544
13334
7717
6136
419
7630
492
8539
471
1083
13175
654
2779
13806
3245
6971
3672
9192
10249
12273
4378
11024
8622
13552
756
2371
10503
12536
5614
7649
9441
6281
5463
8722
10302
13959
3720
491
7486
13077
11921
14275
883
14042
1936
2134
11885
1631
3656
9883
9176
6564
11312
7694
3283
14044
1788
12850
3970
8770
3434
7495
5505
7802
10798
4872
2537
10034
9991
9901
328
9702
13730
3198
12345
7372
1372
497
2953
6279
13243
12454
7356
727
3687
8595
4703
14549
4415
11933
7915
247
11225
5637
6399
2018
1860
10427
14584
13
3546
14254
3406
5856
6416
9792
8682
11666
11006
778
4555
8496
13347
3273
11897
6462
11488
2544
10764
353
9673
5453
14323
6336
3887
14393
4941
1715
12082
3889
14630
1408
8670
743
2403
1309
10279
490
2370
12586
4784
4549
562
13301
7888
13810
686
1210
8358
8189
7441
4237
7220
4574
11474
14624
3450
4620
3253
11177
2493
2312
1144
8823
2203
14422
11859
10122
4261
11212
6900
5691
11341
354
6219
186
10736
1306
11869
8618
7736
4172
8030
9164
10867
1765
6875
840
6611
6332
6960
8278
159
14239
6157
2313
10619
9713
3829
4794
11441
11049
9174
2091
1972
11463
2235
3957
7564
3602
4451
8087
11632
9370
3386
5924
6490
5120
4732
3547
1228
4925
1863
13351
10470
8185
4006
4971
12649
3568
11698
8451
1091
2578
1190
13721
6710
14297
8210
8701
6757
13513
3147
12177
9245
7752
2991
6954
10081
513
1104
3316
8400
14086
1359
10838
7245
14206
12587
3432
9996
2262
12930
2961
11142
10723
2628
4745
2689
11475
8058
745
9053
3009
280
7977
4588
795
7252
8586
14212
11992
3055
14645
8261
3322
2623
461
13925
11825
3152
5241
12123
420
13450
10289
7410
5669
11640
5714
7801
13904
13929
5176
11759
11394
13341
13986
4670
8900
4405
5078
14037
8719
8196
5391
12637
3040
11788
276
11506
6000
11094
5347
11581
556
5146
8872
3051
5943
5134
7451
5888
10019
8430
4103
11147
5214
8067
10816
13511
6795
6773
5529
12201
10983
5484
1837
12691
13517
4709
6804
2227
2030
2518
10564
11224
10766
2085
2851
5445
6316
13548
12359
14541
6285
10647
6728
3858
7446
8742
4150
4110
4576
698
10476
8251
6569
6748
14441
2700
928
3754
8218
5084
14459
300
2269
7419
4886
8077
2211
11180
13003
9147
4724
5673
12144
9255
13053
13917
2879
3133
10064
9934
4350
9013
2652
10553
1971
12836
7144
13905
13326
379
3996
8655
11196
1715
14504
8215
11582
989
14176
5842
13403
7562
2462
595
14578
11485
4597
4586
7740
7201
7559
11424
12077
2535
13497
10327
8671
14095
1975
8480
1993
13408
14410
191
3907
4528
14020
984
12340
12938
8384
8084
8848
2581
2400
1568
11500
11229
13357
10406
13448
8710
4112
2512
3767
10018
5227
12878
14118
2031
2209
8761
12552
12876
2056
4184
3121
4490
7807
3088
664
10778
660
8778
2672
14091
5131
6396
7386
4730
1727
2469
5275
8753
5460
230
12176
14561
11061
10756
560
7286
6150
6479
3935
3806
14184
4166
10386
2178
13982
13659
9739
14280
6389
2025
6176
5031
13102
9964
10688
7719
10258
6998
7317
6857
7474
4265
1374
9316
7
13467
4214
9988
4885
4860
6456
12036
3323
4227
12121
7213
10013
260
9114
2818
8172
14286
790
1460
6158
6342
853
364
9809
7361
12842
1242
8839
1927
13793
9595
6883
11719
9763
11817
13778
11022
4824
3241
10441
7231
12892
11254
7788
3087
9932
9968
916
7311
7428
9390
3551
14026
7858
8127
10454
13989
6621
4651
4694
7485
13588
24
12446
10136
2893
10157
5231
6914
6365
11181
10132
489
8191
11804
5936
6530
9108
2693
7005
11712
9828
6470
11417
4444
636
6039
3939
1986
2042
10969
7306
730
8202
10457
4865
9211
8362
11278
1096
6257
14159
4075
2881
1241
10864
9462
1503
9126
11624
11393
731
8708
8612
11717
2194
9667
6783
2151
10679
2348
736
8229
4450
2057
6450
769
7123
12095
3304
10487
12163
6104
8734
8972
13874
1033
10941
6043
3174
11829
7628
8367
13271
5430
8613
8715
11614
11648
6600
4397
6175
8949
1036
1900
6287
1212
13708
1145
10921
6535
763
2542
8827
6579
11130
7626
7529
11863
6276
9747
7490
11017
6622
5788
4537
4792
10117
5957
6118
1354
12059
8220
12025
12126
9278
10860
8309
12687
1156
13895
11374
7331
2659
3328
4095
1676
4216
7181
8729
12891
10710
5633
6729
12217
10192
2502
890
4714
10085
9686
958
14471
3023
665
14290
12736
9063
13154
6075
13527
5872
494
9462
4868
1601
5745
13635
7085
9252
13462
9729
4283
582
9859
10438
13683
12432
3419
2592
1221
11682
1648
14324
3181
4913
6064
4959
11922
6625
13475
5312
12968
8016
1255
9922
7901
11461
4013
6990
706
10153
8950
3696
5627
9627
2804
2273
7102
258
10573
12093
10400
8264
7029
7460
6604
9157
2538
11672
3868
8936
7699
10862
2575
5198
3793
7847
6985
7186
970
12977
10776
2794
1771
2171
12512
6908
10403
11721
10872
5620
13092
6692
11942
13010
13436
3601
5572
8091
2639
10629
13407
1264
6665
9721
7030
12172
7149
8483
8102
13107
7835
11470
8296
5334
7002
5315
14453
13773
3204
4650
13519
4055
296
13512
4943
1567
12985
2191
1259
7473
4248
11920
9235
3823
3891
12547
10831
422
11000
12235
10130
3445
4217
9834
12450
2083
14554
3895
2145
11856
940
1680
8889
13393
13525
9467
1187
2665
6974
9664
2712
3909
7432
4324
9496
3691
11309
1720
5123
12543
5440
6817
8681
2798
2631
6951
2252
3768
1154
11300
10321
14602
13034
2922
11826
4642
13740
1139
8780
1543
1947
7784
5939
2781
13875
6712
4997
13780
10904
13866
3206
4206
7463
4878
1499
10595
13568
13749
4016
4835
11800
3393
3095
12980
4383
975
5586
7643
11305
7824
2276
2489
85
1170
2426
13799
4954
1644
8735
11363
11432
14101
12916
10731
12905
4577
4117
7673
1203
13562
12860
9588
3636
6573
10333
13328
13066
5406
13574
1071
349
5702
3581
13376
14330
9949
12906
1965
4049
5817
9343
1016
3007
14425
4136
6792
12600
6511
7531
10691
11138
7730
11237
7339
8516
11841
3624
1573
2801
12047
2302
11494
9530
6615
4348
4762
13547
11107
9423
12952
2296
5824
9447
13718
4797
10967
2300
12554
9842
5965
2572
4861
4629
6408
12120
10499
7431
8118
7907
7735
8660
8587
7972
4082
8298
6668
10482
450
6576
7031
1482
14039
675
3154
11956
521
1743
6387
7023
2744
4145
6421
3600
8023
8291
1554
13720
4774
232
4481
13945
4189
6928
7436
5642
10188
76
4469
873
2862
14260
6639
7885
10927
9367
3313
3788
10488
14395
3956
6262
8738
14306
14195
12491
4957
14574
4562
575
4808
13603
2761
2860
8314
12706
9910
7768
11783
2368
12261
13315
11845
6197
9054
14294
13042
9921
11958
4083
8939
12138
1916
7760
2678
6464
14513
6911
7405
5693
11617
1380
11846
7511
8907
6544
227
11654
10976
2114
10828
5892
4901
10377
10664
5864
1901
3063
11099
4894
6349
3424
8364
2193
3864
13597
6293
6565
5647
8053
816
753
14572
2330
12090
10202
9350
10706
12971
1307
12419
632
5864
2452
13717
2317
5147
9244
2290
9410
10685
3404
313
3312
12597
12482
7833
9059
14375
9224
7224
8662
3064
7789
11427
1121
7806
4764
13652
7606
9978
14211
9094
13811
1451
13502
3844
11606
14058
13157
3061
9895
5556
12289
6277
2787
9060
7705
8882
13019
9334
10561
5891
5495
8990
7819
2640
6732
8197
8802
14557
3132
2316
3825
12717
7554
6390
433
3059
1592
1270
1175
7412
14197
5103
3305
10755
11159
9800
6707
4987
8380
6618
6738
7539
14313
11564
2760
8995
9113
976
11059
9563
3412
11742
3679
14050
5582
11001
9943
8983
12466
7228
5291
8965
6933
3239
7014
7985
14057
1313
13384
5851
9980
14125
6719
4565
6162
4368
544
3185
7973
3067
5071
4178
7081
5571
8999
2355
11819
3240
4948
8015
4471
13414
4934
12427
584
6455
8650
2740
1466
13594
10069
1763
9293
12520
7223
13222
14075
4683
13224
3560
6306
13332
8271
13227
3857
10412
13935
3213
1150
7608
9431
9249
8559
6249
10813
3477
6328
14609
4
6298
14008
14285
12769
3738
4566
838
8136
13178
617
7170
11204
1062
3269
5748
2935
374
5739
13037
1312
6114
6120
8695
14319
4114
13065
1713
13599
7987
8536
12496
9669
149
7756
8779
13353
8222
14618
5116
58
14635
4607
11914
10563
7604
5317
4077
10979
5970
5079
8524
968
12528
11483
8302
11542
2444
8773
5778
8518
3617
7900
13165
14089
2677
9305
10749
2118
416
2716
8805
8821
4662
4299
3965
8654
13209
8759
244
7189
9556
5003
931
7374
14121
1039
3292
2264
12594
13442
12011
11135
6503
12634
899
6442
1361
10494
10885
5603
3379
9132
7387
4423
161
7995
13767
12944
7599
12385
1670
3615
9717
13857
10990
6405
7894
5101
13765
12575
9456
12216
6678
897
9995
6918
12942
3227
9572
5269
11190
3191
892
10537
7958
3542
7035
1564
2817
1547
10168
14643
1836
14446
7091
6512
5356
9043
1113
9206
14651
936
8803
7566
1895
66
11871
6435
12625
14382
926
8817
10842
9068
9787
9855
5499
12553
10292
10879
7839
6220
13458
148
14586
1136
8947
8166
8001
9837
13031
4349
8259
10124
1066
5819
5592
13216
14591
2658
1481
12456
9954
2594
2598
10887
8884
11258
10001
10222
214
9494
1274
12494
1472
7019
120
3347
3979
13114
628
10267
7836
6994
7083
11244
4691
7974
10060
10099
620
358
610
8074
12679
13684
9160
5419
11222
5535
2105
9407
12486
1981
1814
12373
7192
7829
14178
5274
8522
11101
13484
971
10780
831
3017
2981
4716
832
10047
5561
7823
12838
12200
11368
9491
11821
9083
527
6521
351
6366
12489
5271
7622
12249
7571
6843
8393
7488
356
9534
4557
7368
12010
2320
2795
13955
12048
7826
3376
6661
9774
3860
6989
12072
5025
10004
1419
7299
5238
1201
4635
13158
11119
2509
10581
5967
11448
3737
3772
7194
13723
10449
3369
9864
10892
2305
9405
1310
7311
9191
2543
12526
8439
12165
12312
9123
8890
11569
10558
224
8826
9159
11345
3455
13951
2432
1243
9016
8437
6828
11002
5689
3070
7113
6680
5048
13873
12899
10666
14307
10835
12399
8176
12718
7911
10443
11541
13419
5019
4956
11728
4422
3796
10847
4701
9472
13777
14575
11385
6863
3949
9585
12572
13791
12834
12829
11869
7841
1420
10745
4448
9093
13150
13211
6353
10810
8468
1551
9082
1247
13687
1707
9149
2458
14364
1653
11443
11539
3341
255
4669
293
9891
12738
5230
14383
735
6358
12515
4162
11714
1362
1348
13413
4385
3092
2456
9525
10332
5685
8186
14507
5288
8158
7263
8152
1453
6694
331
7981
13260
10152
5909
13596
5875
3944
11381
6457
9711
4411
7517
10783
4674
14000
8006
2918
2467
13663
13282
14502
12181
13033
12861
4338
112
12155
5635
11176
874
9615
7961
7179
10346
9821
11365
14438
7865
3223
12682
7061
10042
6553
7617
11600
10320
3022
1396
1287
4893
4146
8187
822
9997
4247
6072
10390
9267
1805
9558
4219
4173
12472
10490
13362
9554
13363
12709
13041
2692
13106
6385
13001
12174
5982
14059
11109
3225
10767
12293
3018
6809
568
8354
708
7513
3031
1360
4838
2977
7195
13323
496
1084
14520
13076
6483
8938
9778
7790
7008
9258
2050
7064
11326
1594
13130
1963
5979
3574
7903
6310
4123
9365
9631
7190
10771
14168
9378
9400
1918
3727
8024
14346
7773
4781
14634
8672
5197
1032
2386
12106
10163
9095
11446
6207
8878
13184
9764
11595
1469
4208
1330
8159
2675
8526
9812
14458
9237
1281
2411
6486
14430
3562
13361
3380
2912
4043
1120
9386
739
11233
5749
6151
13253
1572
5752
7745
10402
4015
995
13539
2038
4871
2048
6029
4527
11915
6131
907
13472
1484
4194
10512
7853
1328
9493
13135
5083
111
1915
8797
2381
13897
5194
262
12032
13214
10703
8506
4053
14576
10129
8765
14616
5723
7905
281
8319
10331
3926
7409
6165
10804
6652
5779
8833
11324
6370
9342
7364
5389
12924
13249
4239
2660
3011
10936
7986
12849
7528
7980
1532
6551
3613
12030
3953
5433
8032
6273
11243
13017
6428
8368
2800
7878
1745
3015
5890
14516
9413
2352
10955
6002
1483
13620
6284
7458
10855
3824
5181
1005
2324
2338
12692
3399
2526
164
13646
11088
3193
5827
8230
7351
1585
12444
2063
13800
10014
12380
5355
8950
14157
14370
10273
7660
1641
13870
5236
5308
1589
6861
2428
14451
6955
11398
11722
7890
6110
13054
1614
10342
5054
7925
2505
5192
14116
13068
10658
11498
2796
6862
7206
1539
1424
1623
8751
10750
8693
3458
5439
858
9976
6433
10569
13912
5186
14198
3289
12057
12541
10859
6777
776
11879
369
4881
9207
7583
12937
8273
7947
9314
8253
2385
1898
8407
8677
7337
1691
9020
312
5107
6360
563
6666
5926
9287
10021
4343
10211
555
6696
4012
11738
5447
10992
11447
7379
11405
14570
126
12716
7391
8493
3208
4352
5665
10218
10662
2666
10932
4846
13557
10950
12245
7457
1406
2630
1236
7147
8333
1302
3616
14304
14136
10885
1800
580
5100
13695
2222
5058
1217
7648
6700
13601
5862
12974
6656
3514
12622
6740
6167
6018
4644
12582
10524
9064
12705
6697
8581
453
3315
3988
7096
7558
6024
6941
4854
7251
7266
12004
2135
2803
297
13921
10548
3178
13096
3640
8079
5742
6325
11060
12296
7360
8800
1146
14506
3495
900
11319
12400
4032
5284
5124
12413
13582
8600
7639
3216
4188
6067
3457
4568
9428
2892
14088
12678
8847
12253
8412
144
12506
7507
5907
10225
11293
14562
8605
363
2488
9179
3145
12631
14234
9331
7320
11656
3680
5913
5405
3306
9507
8941
1777
7591
11269
5165
10876
7063
8369
4863
13174
14614
10544
11402
7294
9890
14298
1861
11724
10352
9173
12568
13808
7161
8044
9049
13844
14373
9555
11552
10981
2805
2834
7555
784
3731
3999
14129
3229
7402
6691
6468
3499
3044
8795
5069
6574
10197
13668
13500
8624
7240
11753
728
10843
2373
11493
1023
5411
8096
13940
56
5082
10089
11264
5826
12
5434
1662
11063
14215
13181
1655
1756
14218
14583
11186
13134
9738
4676
11601
4445
8746
9048
12377
9178
14611
11320
5847
8487
2967
2620
2045
9073
793
1080
13078
8923
7308
377
13531
7173
10535
10667
3060
3466
13869
6669
9044
12276
9529
657
4582
8744
7232
5160
11812
6094
1143
1431
7976
10239
3632
9171
5735
14081
10878
6801
12538
7330
9574
9037
8305
4249
5615
3954
10347
4424
14065
8122
12666
6183
7396
14134
14404
2590
5096
14429
8647
2752
11340
444
13713
7895
7913
4624
429
13035
839
12344
6227
8363
3140
5577
8897
6238
10803
4292
11620
48
1847
249
5653
5057
4842
4235
13621
10995
9760
6796
8236
133
9342
1393
129
3180
691
5393
13977
80
10496
14266
11591
5628
7435
10271
10247
11757
11128
6280
8269
1649
9288
8785
10453
3715
12696
4777
5719
10480
30
1022
8649
11108
2749
14521
12583
13602
3638
2662
1749
2929
4615
1249
10615
9434
2069
1848
8208
5075
9796
571
11274
9758
7498
4600
9983
950
9777
10353
2545
12042
2762
9762
10446
8576
14235
3299
14271
4952
8100
8138
4679
5291
5409
10187
2423
3831
3989
12334
2705
11403
1403
11822
14387
1384
11249
167
4213
625
6658
9689
4630
12920
4530
11426
4384
5217
11361
2234
827
6959
1953
3324
12076
2687
5364
6326
6012
13022
1709
4682
5164
6570
1042
5923
13028
7214
12633
9190
3125
2563
2497
265
13608
4045
1383
10568
11275
7290
1132
12411
4127
785
13206
10632
7849
7633
14338
14647
11918
1442
2983
8428
7467
6493
5451
4684
12328
4057
3414
8615
13110
744
8071
8431
12481
6926
1040
14272
13653
12150
12581
8163
7956
3349
8489
8240
13985
205
9123
9284
6651
5244
9166
6060
7533
10851
7954
92
5062
12810
9768
6917
10262
7316
9665
11331
11356
411
14327
6224
9138
619
14115
13210
2363
1737
2952
10098
12102
3512
6250
945
8277
7313
2520
2435
4641
6784
2771
10481
1968
1489
2578
6500
11223
6981
1636
1838
7352
10636
7538
4084
6662
4747
7713
11173
4699
569
627
5321
10062
5750
11023
13722
7786
11994
10143
7726
11330
8413
5740
3261
8148
10742
8245
5632
13461
4587
1533
1824
2175
6677
5841
2780
2877
6317
12007
14431
2776
5597
1521
1887
812
9697
9542
11395
8578
11218
17
2757
6775
1718
10575
6210
7459
11397
5651
4133
2824
6966
3856
304
9870
4304
3668
10822
14488
7686
3969
9036
13580
3669
11284
5123
6868
9129
10200
7918
14402
1816
13655
8095
10029
2727
12629
506
13907
7546
3511
8339
12294
3232
12591
14571
8521
14543
11323
11171
6641
7576
2501
12619
14490
485
5477
5884
13449
12989
2272
8141
2914
4909
7653
6222
13011
8840
11227
2003
6255
3046
5396
3787
7527
9380
8285
4167
5441
959
9907
13441
35
2247
2233
9543
10657
10722
5061
13491
12498
1999
3676
1322
6988
5786
12922
2674
3263
11637
13920
13804
6831
2267
1101
10609
9536
7634
5046
7922
242
13572
2591
9213
5846
8149
1884
11857
11075
7288
8323
1889
10110
12136
13689
12069
11802
6448
3700
4311
5398
8858
4756
2555
7024
4137
11689
13587
7567
4432
5991
768
10027
4212
5206
977
13509
13515
10886
10104
465
9831
7803
9268
2679
11472
12447
359
11597
11235
6649
1590
10600
8198
198
10144
4687
1854
6619
5508
7148
1404
12133
11924
11559
1789
2401
11216
2657
4992
13245
6123
2109
1796
4981
11775
2301
6391
4315
12733
8247
6295
6675
6633
11929
3264
14241
5232
3343
13331
4551
7579
10296
12674
7770
9608
5350
3803
9478
5384
1409
7354
8105
4938
8994
129
10917
1254
2837
3357
1233
12982
3008
3981
9878
9071
888
11495
267
8265
3588
2292
4465
14343
14625
10288
13196
9748
8731
9806
591
679
11103
7765
11281
9875
6202
5649
7737
6419
6398
6101
10123
13529
1337
1577
13561
14203
12695
12779
5184
7821
212
8944
10715
4203
8812
12280
13636
14288
51
10220
7273
1661
7325
7342
7984
3265
11347
9706
2239
12071
1769
6311
14175
5717
6608
7781
9269
8457
5861
1145
10567
8184
7300
6836
4836
3872
10365
6606
2955
10418
146
11619
12608
5538
14333
1
4711
1762
6855
2615
3759
5947
6345
12642
3569
13781
1970
6050
2767
2852
13387
2723
4309
2765
11283
4726
10642
3931
8860
1192
9653
12096
4399
9679
2200
14433
10214
8234
2886
3390
122
10855
12754
15
10521
12370
9130
5051
3871
4439
2225
7314
3786
552
9676
4344
12073
4900
2406
887
7415
9862
8610
4124
209
8228
8663
5832
2651
2634
5971
10643
3066
5729
1036
12070
5639
1621
8895
11765
4554
13948
11468
12202
8274
5263
12821
565
2916
7794
3194
3505
10514
5574
11174
12401
9021
3138
2982
10229
1459
8427
4190
13910
4833
9047
10189
11242
12434
9290
6481
14029
6938
2525
4890
12539
9442
8593
974
8951
5667
8050
1575
10312
7094
7191
3481
1245
12258
7492
14653
7304
7940
8034
10224
321
12932
10724
10678
7114
3266
13571
1290
3219
6245
3339
13025
14051
2286
3494
11842
9046
881
4758
218
6414
10181
87
9352
10641
12460
4462
9879
1571
13071
8366
6214
3294
2846
14080
14291
200
12045
10040
1772
11778
5228
7166
3634
14192
13779
7683
4686
10054
14213
11970
11835
9139
8787
1017
8689
13644
11335
7455
6348
432
3877
12219
7822
14251
14587
4746
576
5067
7322
5552
991
13971
5299
4599
8233
5464
13219
4575
6352
11087
9966
4134
10039
6049
10870
2570
13136
9216
2524
1471
3666
13906
2177
3333
3407
6369
11652
8915
531
13255
3564
6454
13344
14224
1280
2733
9561
8621
14196
6085
6623
10404
3449
8836
7036
1157
14253
6753
13514
14604
6193
12835
4416
6737
8964
8794
3085
8599
912
8718
2643
13437
9279
10266
6909
7350
3078
3530
10050
2362
13682
150
2811
786
6084
9514
7408
4376
7792
8762
2377
12833
11158
7126
6219
8031
6561
7237
11878
11167
5450
5326
10747
9495
718
6146
9906
4680
14141
378
6144
8754
2739
3833
7640
4474
8227
1030
2040
3021
8962
4310
3176
6179
9916
2769
11586
6879
9547
4955
13504
14380
7992
765
391
7655
14533
20
4044
13581
2162
12203
4718
12029
1076
4070
9915
14052
5
11810
13607
2617
11124
10140
7211
2334
3948
11589
6494
4653
4107
13366
4226
1977
10359
10531
12577
185
10592
3973
2900
13146
14225
6048
3441
1557
6104
12497
12237
8061
11166
9518
4275
9908
7234
6053
10231
11439
11035
238
3250
5226
12928
5097
11881
12408
8020
11399
12041
578
7464
5172
3128
3565
7712
8268
12362
5962
1123
7099
1757
14248
4001
479
5769
12904
3750
13865
1068
11566
8315
5590
10549
7491
12809
12611
10942
317
13176
14405
14201
4504
12936
12700
12742
7955
3258
11089
7130
10891
6434
12052
9688
2443
12403
97
11387
2710
398
7354
9708
10829
12305
7384
5995
9254
7637
2718
7979
7183
7389
10493
7649
13940
13346
2587
10371
7139
1943
5877
6752
1037
4978
9033
1725
14544
6498
9675
7178
10818
12302
13330
10026
947
9970
2335
12893
11067
5007
1740
10603
287
4975
1985
2250
13439
11100
11455
7229
7763
4649
11588
2092
6841
1316
5785
1689
6835
5726
7443
1332
3212
1395
5489
1579
12831
2006
2378
13815
11464
7621
9508
7434
2192
6906
9274
8449
5417
9475
202
3235
14347
5630
2732
4829
70
8165
11343
8181
3776
10589
6125
6093
8636
2917
7877
2989
14179
3392
8861
6058
4525
12973
2183
6516
237
3358
1843
5455
14312
1117
8113
5516
7670
382
5437
7953
5322
6300
4301
7069
14161
1178
11292
3005
10779
11492
11068
8062
1373
4475
5744
9920
1297
9466
5388
4832
13443
14
510
12186
6252
12585
10762
3210
8128
11390
2112
4120
5902
7298
5309
10319
2573
8151
5095
1896
3344
13968
4998
13086
8260
403
10221
9175
8696
8643
10799
14599
820
8213
2974
13296
12286
11607
10206
9557
4257
11297
8177
3236
10594
8530
6429
8447
12789
13493
5140
13842
11232
9463
10501
3134
4946
14207
6062
7709
2714
3163
3589
14360
11772
13950
14154
7560
4154
270
12988
2597
7883
5930
6113
3975
4119
14325
14623
1735
11321
11568
10577
9993
3491
12364
2051
10650
6970
11785
5980
966
4866
5944
10364
13691
5895
9947
13949
2676
12492
5397
13345
8460
12178
1686
7124
12763
11726
2889
2129
1983
8097
8579
10008
12355
911
12969
12457
3272
1506
7236
3610
11026
9746
13050
3896
6721
4849
981
867
12688
5607
7921
12869
783
7107
6361
13878
189
596
13784
4371
1369
10899
2202
9603
4477
1561
11565
2023
7942
2646
3664
2351
1199
10048
8841
132
14311
12843
13170
7929
2709
5402
4441
8403
9804
5472
684
1910
2232
2522
11671
3231
3529
6401
5545
796
10322
524
6824
3112
1478
4772
6806
6334
13189
12758
10149
6147
7561
4627
12662
11272
3886
4183
7817
7941
8465
1295
11454
3130
1530
2266
9535
10373
10283
3530
1988
9939
228
9622
10477
12243
12852
4592
2251
3791
11415
2681
8906
10744
13237
1260
10760
10712
9646
3164
849
8630
5301
4578
3470
10806
5546
12024
1269
187
9098
7365
14454
4158
14257
3563
4135
1345
395
14320
9008
2196
5950
14172
12887
12360
10234
6514
4712
7168
4033
3247
12783
1640
8880
13370
5914
8344
3941
1385
2201
7425
1446
6709
6755
10539
14414
11713
5938
1872
9168
8637
2459
11018
9999
13141
9515
2750
10614
9480
5163
4720
3923
8928
3220
8076
8115
8027
1095
6010
13164
6203
6088
10757
11746
1519
10896
2554
10030
7960
7141
3469
166
8767
12613
14600
1003
1397
14369
2220
4381
14585
3319
11626
13226
7746
13287
1434
13405
14276
14283
12490
4737
13049
4196
960
8845
2603
3820
4883
8973
5870
9360
7594
2962
13375
9202
8891
5868
10509
13978
774
254
1184
4026
690
10920
11704
5270
4260
7844
12363
13797
7970
13155
8956
7896
6746
14374
6536
10428
13162
4589
10620
12912
4466
2574
10052
2480
11937
9678
10350
2146
12897
12750
8852
11319
6467
5715
516
1617
1246
5672
7433
534
3508
5981
9696
5144
12734
99
3425
7007
6684
3747
14265
9724
7403
10948
6856
5354
1182
12092
6825
7461
7020
12798
9822
3798
5776
10584
8029
12699
5676
13774
9324
4335
13533
10319
14439
2510
11678
10786
4165
3620
6382
5644
1955
10812
4498
14486
5210
4491
864
13016
6355
1755
3984
2882
10566
6200
11838
8816
898
3169
9709
9106
3249
8331
2656
3809
4625
13061
3150
11701
9089
10888
3486
5113
11950
13838
3161
7519
13452
13147
14376
3663
2166
2036
14650
6217
9587
4241
3195
13566
6916
10374
1277
8690
13121
14470
11740
10218
2853
11534
10991
604
1558
2663
12038
5345
9419
368
6184
1457
14423
5279
1560
8395
12939
11153
8629
2507
4436
9810
10113
1110
8987
8687
2020
5243
13503
8679
7487
1001
3335
3410
10391
11861
10644
9275
5549
12872
5156
5370
13861
3784
2684
1565
5479
9069
6097
4426
12940
10952
10278
9214
757
3062
6100
1673
9756
5617
4553
9633
13746
9952
10735
4973
4926
2828
3
3841
449
5216
12693
9802
7084
910
7652
6267
13534
6223
13592
3076
1819
14017
4696
10169
5177
2946
5838
10075
3167
12835
11499
53
1153
9292
6294
11952
8299
9356
6779
10781
4243
2350
7998
13140
8979
11071
6562
3918
5559
12614
2130
6624
10093
3435
8467
4060
8703
1857
7383
7430
10581
7526
2419
4369
6637
11645
7345
294
3043
4502
11195
13299
4529
5195
11298
11252
12667
12580
4632
5039
2396
9170
2547
9950
14466
216
8534
6140
6983
2170
8190
9895
1695
6260
9986
5949
1878
11282
10184
2108
12166
932
1870
9961
3464
8004
6492
13325
5361
6438
3735
12153
2549
13943
8934
4404
1741
14512
8349
4353
14292
10444
6599
1086
5050
4637
44
13545
1060
11210
4855
5972
13381
466
6055
14489
12616
13005
8834
12091
401
2944
11511
8851
1928
14339
13532
985
9779
10204
8048
3005
4634
4980
10006
6041
4164
3697
3104
5045
5522
13417
5404
7682
2455
2938
6130
12900
10455
8495
14534
7340
1598
5416
1487
13095
6670
13333
4820
6066
7136
1630
8310
5880
6014
3311
10109
7535
10693
13144
1286
424
4011
7198
2113
5162
13456
14426
2309
2704
12097
8063
13002
