3403
3406
3424
3431
3487
3496
5950
3505
9898
5959
3532
9908
5968
3537
9915
5993
3555
9948
6006
3558
9958
6058
3589
7003
4
9959
8414
9465
459
3600
9974
4483
8457
11
12448
7023
3629
499
9466
9976
8483
28
4484
12450
7043
3642
516
2758
9996
9472
4494
45
8508
529
12463
3644
10003
4497
9473
7054
532
10015
8529
2761
68
12471
3646
4499
537
7064
9485
8548
10027
8891
12478
3669
81
4512
7067
575
10033
8899
3691
9494
84
12521
8572
10037
4519
577
9528
3711
7082
8604
8908
100
12531
10039
4535
587
8607
3719
9538
12544
109
8967
4550
10046
7092
10667
8614
9546
596
12546
4607
8976
118
7122
10047
10689
9552
8672
8999
633
4610
12549
9561
7129
8678
10060
10694
641
9012
8684
5534
12569
9566
10065
10712
7136
643
9017
12572
10074
8700
10751
5545
7139
670
9577
9018
5550
8706
10754
9579
7149
10098
12573
673
9029
9599
5563
12586
10101
7168
8711
10778
9034
709
9608
5575
10102
7172
8727
716
12600
10825
9614
9044
5579
8768
7198
717
12614
10111
10918
9061
9616
727
8814
7206
5584
12641
10930
10123
9649
7208
759
8819
10956
5590
10140
12652
9668
795
7216
8862
9091
5596
10973
9676
10156
13094
7248
837
5616
9128
1837
10977
10159
9683
13104
7251
5640
838
1845
9137
1346
10989
9704
13120
7259
864
9149
5683
1860
1348
10999
9706
13149
7262
9171
872
1381
1899
9710
11017
5707
12672
7274
13180
1418
9184
9724
1939
5708
11018
7293
12687
9226
1433
13181
11037
9736
5729
7294
1944
12698
9229
1441
5733
13199
12709
1958
6071
11074
7297
1461
12740
5761
9257
13203
7308
11076
1969
6072
1466
12774
5790
9267
13230
2016
6081
1495
7326
11096
9295
5792
12823
13252
2029
6089
1537
11127
9325
7358
12835
5819
13256
2060
6102
1541
9337
12852
11131
13289
7384
5867
2085
6108
2848
11136
1555
13303
12855
7389
2108
5902
6111
12866
2850
13343
11181
7429
1567
2109
6113
5910
12869
2861
13344
11198
1605
7431
2118
6115
2866
5960
12901
2301
13353
1619
7432
2120
6116
2900
12910
5991
2312
6123
7443
2153
13371
1627
2926
6019
12942
2317
2165
10188
1630
6140
13381
2949
6035
2366
2176
1641
6043
6170
10193
2387
2951
2199
1677
6051
6184
2956
13389
6201
1687
8366
2211
2966
1698
6211
13398
8372
2404
2212
10209
2971
12951
1709
13405
2219
8395
6215
3016
2412
10210
1713
2234
8399
6225
13412
12958
2431
3039
10216
2240
13441
8408
12983
6283
2446
3089
10228
2249
8415
13464
12985
2447
3094
10232
2253
8430
1719
13478
2449
12997
10254
3112
13493
8445
897
2454
6287
13000
3116
10262
13529
8467
2461
6317
4632
911
3117
10270
13562
8469
6326
2482
3134
913
13573
4655
10272
2484
3153
6334
918
4679
11723
2521
10301
6338
938
3199
4717
11725
943
2530
10386
6361
13005
3205
11742
4728
2549
6374
955
10419
13012
8479
4752
11744
6411
13057
10421
2551
966
4776
6425
11746
8485
10464
2570
999
4781
13081
6434
8486
2575
10466
1011
4790
6446
12191
3207
4808
10536
1030
2611
6447
3218
10555
4815
12201
8497
1031
2626
3249
11779
10566
6453
12203
4819
1034
3253
2653
11792
6462
10573
1039
12210
4821
8523
3254
2657
11794
1060
10606
6464
4824
12223
3255
11802
1083
6481
8534
2667
6466
4860
12229
4144
1102
11834
3756
2692
12243
6506
4902
4194
1113
3759
8541
2700
11838
12245
4913
6552
4208
1143
3760
12246
2708
11842
6564
4923
3812
1164
4215
12249
11874
8545
2716
6577
4231
4945
3825
1168
12268
11901
2718
4232
4979
6591
8567
1184
12314
11914
2724
4244
4980
1190
6599
11930
12344
8917
4248
8570
4981
1199
11943
6602
8920
4984
12403
1207
4252
11961
6631
4986
1230
8579
4255
8921
12004
6649
1239
4350
4989
8924
12006
6666
1243
4375
8588
8941
4996
12017
6669
1259
4425
8945
6676
12027
5018
4428
8620
1277
8965
12416
12083
6678
5036
4430
1283
12420
8986
8622
12134
6714
1289
4464
5042
9025
12430
12172
6719
8627
1319
4478
12435
7460
9030
14046
1327
6728
12437
4553
9058
14048
8685
7461
6729
7
12444
7470
4554
14059
9085
6742
8730
12446
4586
21
9089
7475
6745
12526
14061
9127
7497
4597
22
12583
14068
6782
8732
7501
9129
24
4599
14107
6787
12620
7532
9133
14110
4605
12626
35
6812
8773
7534
9157
12636
4606
14145
6827
40
7543
9178
13114
5527
7545
8809
14160
6829
55
13145
9187
5564
14183
7557
6862
65
13160
8821
9189
14186
5592
7580
6863
82
9194
14218
5594
6864
7581
14221
9207
85
8825
6872
7610
5621
92
9234
14222
6889
5629
7617
8852
14231
98
9249
6900
7623
5630
9253
101
14244
6911
5654
7639
9278
138
8855
14251
5672
6919
7652
9280
143
6938
5674
14277
7653
9282
8876
152
6960
14291
5682
7676
9283
153
14316
5694
6961
7677
1758
9294
155
14339
6967
5719
7678
9297
159
5737
14349
1785
6974
9304
7685
167
9305
5744
7691
9817
14353
1797
168
9348
7692
5748
14369
9823
9357
188
7705
1802
2772
5765
9836
14375
193
7762
9840
194
2782
5772
14393
7811
1823
9845
199
5776
2794
14397
7838
9852
218
5787
2807
14412
1870
7844
9856
2812
14415
5820
229
7853
1932
9889
5823
2813
238
14459
7860
5825
9892
252
14510
2816
7863
1941
255
9905
5828
2820
14530
13162
9386
291
2825
5840
9910
9394
14536
13164
1968
294
9410
2827
5872
14544
13165
2839
9428
317
1974
5878
14552
9911
13177
334
9451
2849
5893
9917
14568
150
9462
339
2874
13193
1976
5896
9938
14580
13197
2881
9464
358
5900
13202
14591
9950
2917
366
5922
1978
9476
14604
13224
9957
370
2933
5937
13242
9507
9960
1983
14623
2959
403
13275
5939
9518
9965
14642
2967
13594
5944
9521
2056
13312
13606
5964
9525
9987
14662
2988
13314
9531
13636
2063
9988
14664
5979
2990
13357
9534
13647
14674
9995
6009
2993
9540
13651
2067
13386
10044
14676
3014
6023
13390
9556
13673
14684
10050
2077
13437
3022
9557
6027
13677
10053
14692
9564
3028
13445
6041
13683
10055
14702
13455
3079
9573
2081
8342
13694
10062
14713
13467
9592
3093
8350
14719
13703
10064
9622
2086
8355
3097
13480
14744
13726
10095
9624
3106
14760
13762
8359
13489
2098
10103
13767
9629
13492
3130
8364
14776
2099
10108
13498
9647
8383
13773
14800
3133
9666
13774
8390
10115
14809
3160
13518
10143
9670
2125
13776
8396
14811
13533
3161
1332
3181
9674
14819
13777
13567
8410
2132
13787
3186
14820
9675
8412
1339
13585
14829
13810
9699
3208
1380
8435
2137
11677
13815
14831
9700
1388
3238
8437
11691
14865
13830
9705
2154
1407
4100
8459
13837
14867
9709
4109
8462
1419
2158
13865
14884
9711
4111
8589
1446
13898
14905
181
9712
4125
2171
8617
14919
1457
13952
9715
4132
196
8647
14942
13958
1513
9717
4182
2172
202
8648
14953
9741
13962
1515
4184
9743
14955
205
4195
8664
13999
11698
1533
2175
230
9748
8677
14000
4256
14981
1560
11727
9755
8708
239
4264
14014
14991
11762
9758
1573
2197
8745
245
4265
11771
14025
14992
8780
6078
1586
11780
266
11207
14029
4277
2208
6117
8840
1596
11781
267
4293
14032
11233
1645
6120
8867
11837
276
406
1646
4298
6133
11243
2221
1768
279
11849
433
4319
6143
1665
11253
1791
11865
2237
6172
288
462
11274
4327
1686
1799
11872
497
297
4328
6180
1805
11279
11912
1690
2243
511
6189
321
11284
4335
1737
1806
6193
333
526
4337
1750
11946
1817
4638
6194
336
11286
533
1831
11948
6210
4339
4647
900
343
11952
11302
570
1833
4371
6245
357
931
4678
11307
11984
1836
602
4381
6267
11310
385
932
3828
11997
612
1843
6279
4387
942
387
11346
1847
6290
3833
12011
4685
4440
950
621
11354
1851
6325
12018
4455
4703
958
396
1871
631
6368
11380
3864
4460
12023
961
1920
648
399
12045
4706
978
11396
4465
1921
3882
13599
6371
652
4469
987
11418
1934
13608
6372
3917
4707
667
1006
11430
1943
4487
13632
6385
1019
3921
1945
11437
693
4493
13640
6392
1967
11473
1029
699
3925
4507
6443
13654
2019
11495
4714
12089
6458
1041
4510
704
2044
3931
13659
11503
1063
12093
713
4775
6459
3932
13660
4525
11510
1065
725
11515
12104
3940
4532
13664
6470
1066
4799
731
2050
4536
13674
3744
12136
11516
3944
1071
733
3747
2069
11519
4569
1099
12158
13676
3947
4802
3749
768
12170
2071
1105
4582
11526
3765
13691
3986
775
12176
2076
1117
3768
11554
4602
2091
4006
13712
789
14058
4813
1125
11621
3782
4624
2107
796
4031
14063
13731
1130
11623
5535
3797
826
2119
4822
14071
4042
11636
3815
13756
1135
831
5542
2130
14082
3823
1175
11646
4078
852
13758
2134
5566
14105
4823
1193
3846
11650
4084
853
14126
13759
5572
2148
1196
3865
4827
7921
4092
13768
14134
860
3871
5576
1208
2179
7935
863
13796
7002
14135
1213
5607
3883
4828
2182
7016
879
13845
7940
14146
3885
5643
1220
12665
14158
2194
3896
13859
7951
7019
4846
5646
12690
1233
2210
13876
14182
3900
7033
7970
12739
1255
2214
4847
5650
14188
7056
1265
13882
3920
2248
12741
5653
7972
14214
7062
3933
13888
1296
5656
7998
14219
4637
12757
4848
3937
7072
13907
4665
8000
1302
5666
3941
13920
4673
5677
1314
8006
7074
4863
3959
13921
5700
1316
8036
4683
7077
3971
5717
13935
1323
7119
8045
4690
3976
4885
5750
14255
13957
1330
7126
8050
4710
5766
3989
14275
13969
7147
1
8076
4893
3991
4726
5773
13978
5
14280
4748
7157
4012
8090
14005
5782
14296
14
4751
7165
8094
4898
5798
4020
14334
14028
4755
18
8117
7170
14338
5826
4028
4899
423
4761
20
8127
7174
5829
14352
4030
8149
443
29
4766
5846
4900
7196
14372
8162
447
4045
4797
5853
34
14395
8191
7209
454
4052
4804
5894
8205
56
4908
4056
14403
7215
4814
465
60
8221
5906
4057
14418
4818
7231
62
466
8261
4919
4058
5985
14422
88
7245
477
4820
4072
8301
4922
6032
89
14444
490
4074
7260
4831
4931
8306
6037
14450
500
90
4837
6044
4937
7281
8325
4094
99
536
14471
6057
4842
4939
7295
4095
5056
14485
124
551
8370
4875
4949
7309
14496
4097
142
582
5064
8405
4967
4877
7012
14524
7339
170
611
4995
4921
8406
5073
7363
197
7080
14534
649
4998
8487
5074
4942
211
7402
14551
7085
738
5001
5000
212
8502
7416
5102
14576
7088
5016
5002
743
8531
5110
7094
249
7425
14586
751
5005
5024
8533
7102
5116
7427
250
753
5006
14599
5033
8554
7155
5128
261
7440
772
5007
8564
14608
7478
7160
5147
274
5015
7455
14618
784
8634
7167
7488
5202
289
5017
10180
8646
7179
7514
786
14649
303
8676
10196
5219
7186
5022
14651
7529
308
802
5224
10215
8686
7237
5027
7544
14652
806
311
7311
5236
10234
5029
8699
813
7333
14671
5239
331
8703
10237
5030
7354
814
344
5242
10246
8715
7367
353
816
5043
10261
8719
7378
5050
820
362
8731
5266
5051
7381
10263
839
8756
368
7419
5356
866
5052
10281
8764
372
5360
7426
888
7466
10290
8767
379
7447
5365
7486
8770
10305
12670
393
7452
5385
8790
7494
12671
10320
10187
400
5390
7503
12688
8802
10326
5401
10233
8805
7523
12695
402
10245
10329
5417
8813
7566
12723
10255
5429
8843
10331
7590
12727
13600
10266
8866
5449
12731
10349
7600
10274
5451
12735
1788
7656
10306
10363
14678
13601
12744
1811
5459
10310
10367
7684
14683
10314
12748
7688
1872
10379
5474
14697
13603
10325
12752
5498
7711
14710
10388
1887
10364
3260
12790
7733
14714
10397
13604
1902
10366
3286
7763
12815
10403
14716
1903
10428
12849
13611
3291
10408
7766
14723
1908
10436
13617
10423
12864
7775
3292
1918
14728
7560
10440
13627
12913
7790
10433
14737
3293
1931
7582
7798
10437
10443
13637
12930
1936
3314
14738
10457
7584
7807
13644
10519
12932
14750
1995
10461
3360
7593
7821
13646
10530
12969
14757
2003
3378
10488
7597
7831
10531
14779
12980
13663
2039
10491
3386
7835
7618
10542
14787
12994
13695
2048
3392
10498
7836
7622
13011
14802
13701
10518
3397
7641
7846
2055
13041
13705
9381
14805
3409
2082
10523
7668
9388
14812
13058
10526
2090
13719
3410
7674
9393
10544
2116
3412
13062
7675
13722
14815
10558
9399
2150
3432
7686
13063
10572
9420
14834
2155
13733
3434
7724
9433
13073
2169
10593
3438
14840
13770
7726
9439
13076
3447
14842
10602
2216
13782
9440
10548
13088
7736
2242
10615
14844
13792
3455
9449
12183
2245
10626
7738
14854
10549
13807
3491
12207
4635
9453
7745
10551
14872
10634
3508
12216
9456
13820
14899
10554
4652
6486
7747
3526
9459
13844
12217
4671
7749
10567
14946
6528
3571
13852
9492
10570
4681
6567
7755
12219
14965
9520
13856
3572
10578
12220
7764
4688
14993
6597
9533
13860
4708
10604
7792
3582
12237
9537
6615
11202
7832
4721
10632
13869
6621
12257
9550
11205
3585
7841
10636
4736
12261
13872
6634
11214
9553
3593
7847
4741
12272
10638
13880
9384
6637
9554
11223
3601
13895
6480
12288
4742
9562
6645
9397
12291
4746
11262
6482
3619
13903
6651
9567
9405
12318
4801
11288
6487
3621
13938
6655
9416
4803
9590
12320
13953
6499
3640
11290
6658
4816
9427
6530
3649
13959
9591
6692
12325
9434
4836
11296
6532
3655
9435
6704
13968
9595
12334
11305
4853
6540
9444
6740
13984
3658
12383
9623
4855
6558
9448
13994
12395
6743
3659
11319
4891
9625
9486
12400
13997
6566
9637
11348
6761
9493
14007
4894
6575
9652
3666
11360
9502
6791
12407
6578
4897
9657
3682
11379
9508
12410
429
6799
9663
4910
6585
12417
9515
11426
6809
437
3693
9684
6587
12419
4929
11434
9516
6823
449
3700
9690
12453
4951
6588
11451
9551
3718
460
6837
9716
6589
4982
9559
11456
9726
12462
469
3730
4990
6598
9570
6880
11459
9752
4991
3733
470
12487
9578
6891
11480
4994
6606
9754
12497
473
10646
9583
6895
11481
6617
5009
480
9586
12507
11492
9757
6922
10651
6618
5025
9597
11505
12534
484
6939
10654
6103
6626
9603
11511
5032
12535
6110
489
10668
6952
6628
11520
7463
12545
6128
495
6976
11528
10698
6648
7468
6147
9612
12548
10706
11532
498
9766
7480
6650
12561
10718
9615
513
11544
6153
9767
7493
6683
9618
12566
10750
521
11563
6157
9786
6685
7502
9627
12592
541
10774
11564
6163
7525
9799
9640
12610
6687
561
11595
10777
6164
9659
7527
573
9813
11598
12612
6693
9667
10794
7528
6177
12758
574
12613
6715
9673
9820
11601
7535
6195
10809
12639
6061
6737
576
12762
9864
6200
11616
7554
10828
12645
6074
9868
6753
601
7561
10831
6240
11617
12776
6079
12656
608
6755
9891
7569
12802
10839
6085
13112
6757
6268
11619
7603
617
12820
9925
10840
6105
13130
6758
11626
7605
6278
12821
6114
13161
625
10849
9937
11631
7627
6762
6121
6280
12822
626
10850
9949
13167
7629
11654
6132
6764
12828
10001
10863
6286
13171
665
11658
7647
12842
6144
6294
6788
10007
10885
13174
668
7660
7900
12860
6298
6156
10017
6795
10889
7903
13187
680
7665
6171
12912
6800
6300
10891
10063
7904
7694
13190
6208
12918
682
6810
10893
6302
7926
10066
7695
6209
13198
12924
714
10904
6820
6306
7974
7703
10073
13204
12943
6221
6319
7978
6841
10939
7719
765
13294
12945
10078
6328
6284
10950
6854
777
13299
7721
12950
10083
6303
780
10962
13302
6857
7734
10134
12953
6330
6315
10963
13308
788
6877
7740
10135
12976
13311
6356
7753
10988
6339
6892
799
13014
10151
7983
800
13347
6904
10998
7757
10164
6344
6357
13019
8033
805
13367
11029
6916
8051
10165
7759
6353
13370
13020
809
11033
10166
7760
6358
8067
6354
6923
13030
13372
834
1335
11045
7793
8083
6927
6401
13040
6375
13396
859
11049
7797
6933
8107
1350
6408
6394
13397
13053
11133
6950
7827
868
6435
1361
8144
13079
6396
6956
13400
1372
11149
12674
7843
12187
6437
8148
9775
6405
13407
1383
11169
12193
7852
6448
12680
8222
6415
13487
1413
9781
7856
11184
8224
12682
12199
6452
13514
1454
9804
6421
7862
8228
12206
2266
12706
6465
13523
6441
9807
1471
7876
8238
12211
6473
13563
2271
12719
1473
9816
6444
8257
9385
3790
2278
12221
1474
6449
12769
13576
9847
3814
8275
9387
2290
12242
9851
13592
9398
1480
6457
8280
12780
3829
2293
11696
9863
1488
12244
3841
9401
8300
12781
2308
11717
1497
6461
12267
8302
9865
11718
2311
3844
12786
9404
1498
12269
8311
11747
9880
2319
3853
12788
9406
3771
1540
12293
8314
11764
9884
2331
9413
3867
12791
8328
12341
9913
1548
11811
2336
3873
9423
3774
12348
8332
1552
12845
11832
9918
2357
1568
3877
12854
9447
11852
9927
12360
8335
1582
2372
9450
3783
12363
9953
12888
3890
5061
11856
1591
2403
12376
9967
9469
3902
3795
11860
12890
5068
1595
12393
2419
9969
9495
11873
3910
12895
12398
1597
5069
2445
9972
11875
3924
3799
1613
9501
12905
12424
5095
9975
2463
3939
9511
11878
1638
12914
12428
5098
3803
9983
2466
3942
11891
1653
9519
12926
5125
12439
3945
2471
10025
11902
9527
1661
12940
5155
12456
3831
2491
9548
12965
10056
11906
3961
1671
2505
5169
12459
3965
9569
10079
11913
1673
12981
3832
2511
12481
5171
9571
11925
3973
1679
10086
12483
12987
5175
2527
3835
9572
3994
10125
1729
12990
11935
12488
3995
5177
2535
9580
10126
12993
1754
11953
5232
3998
12489
3852
2538
10127
13004
11965
9582
892
4021
5234
12517
11972
13032
9610
10145
2579
5284
4049
909
12522
11973
3855
9619
5289
13033
10150
4065
2609
916
12523
11988
10160
9633
4070
13034
5291
922
2613
3862
12529
1334
12012
9641
13045
5319
4099
947
2632
12550
12062
3875
1353
13054
960
5322
9643
6994
2636
12072
12562
969
13056
1365
3879
2656
5329
6997
9656
12078
985
12596
13060
1377
2665
7001
9660
12123
12624
5332
990
13078
1379
7020
2668
3884
1002
9671
12131
5335
13086
12637
7031
1385
2694
1038
12650
7047
3894
9681
1387
13091
5363
12137
2712
13107
7053
1042
1390
5371
9687
2719
12215
12139
3899
7081
13109
1045
5379
12157
1400
12225
9691
2735
13113
7099
1050
3905
1416
5397
1053
7101
12163
9696
2756
12251
1424
13135
3915
1080
14045
5400
9713
2757
1437
7152
12262
13140
9745
1090
3929
14074
1443
7177
8893
12296
5418
13150
9750
1101
14100
1476
12298
5428
8918
7182
6062
13153
1107
14168
3930
1499
8948
12307
5435
7221
1128
6066
8961
1504
14197
13182
7252
5439
12340
6068
1137
1505
3936
12351
8969
14198
13201
5492
7263
1145
6091
1532
8971
13209
14215
12380
7343
1155
5502
1536
6101
14224
8995
13226
3943
3274
12421
7344
1161
6124
1577
8998
14228
13246
12425
3289
1166
7365
3988
6135
1585
14287
9010
13261
12432
1169
3290
7379
9019
14288
3996
6138
12474
1636
13265
7392
1181
3295
9050
14290
12502
6151
1657
13270
7394
1183
14351
3344
4017
9056
12511
13278
1664
6162
7404
1188
14366
12514
9076
1670
13283
1214
3348
6168
7448
14368
1706
9078
12538
4018
13321
1215
7451
3367
6174
14406
12556
9092
1730
7456
13326
6178
1226
14407
3371
12570
9124
4029
10186
1227
13341
14408
1743
6197
3373
12578
9203
10197
891
4038
14430
1234
13342
6218
3375
12580
10211
924
9211
14447
1240
13352
927
3388
6242
10278
14481
1245
4063
12609
9214
13358
6258
935
3395
14497
10343
9334
12621
13359
1280
6264
983
14504
3402
10344
9336
12623
4066
994
1287
13369
14519
6318
10346
3408
9349
995
12649
10354
1300
13376
14520
4080
1010
13129
10375
6332
14546
1305
1017
2790
13155
14559
10377
1047
19
6340
13380
14587
13195
10398
1061
2805
27
14596
1068
13215
10432
44
1077
6373
14612
2819
13217
10471
67
13392
1079
14622
13221
71
10489
6387
2846
14630
1100
13250
10505
80
13433
14639
13266
1112
10510
6395
87
2879
13306
4087
1115
14647
10522
93
1119
13444
13320
14708
6398
2895
10527
1121
110
13333
14722
6996
10534
13447
14725
13364
1158
131
6403
2896
10543
14755
13399
7000
139
1160
13472
10550
13408
14764
6433
1178
148
7004
14774
13431
10568
13481
177
1194
14790
10574
192
7061
1232
14795
13434
10577
6436
13501
14804
1263
207
10579
1269
7073
13450
219
14808
6460
1281
13510
13456
10591
14810
220
1285
6468
10617
7123
231
2913
13457
14853
1295
6469
10621
13460
237
14877
2916
1301
13538
10628
7151
13482
241
3757
14887
10630
13556
243
13572
3777
1308
2927
7166
13559
14893
10643
253
13580
1320
14895
10644
3806
2928
273
13583
6
7185
6485
14929
286
13588
16
11664
2937
14932
6502
296
11669
3813
23
14943
302
6505
36
11665
11674
2953
3819
14950
7189
57
307
11678
2968
69
6507
11707
14979
340
11683
3827
14986
74
354
6510
7190
11692
11256
2974
3836
11720
371
6516
11754
75
11266
7193
6523
11775
11276
11755
405
3838
102
2992
6525
11782
13612
11294
7199
108
11790
13619
6527
11321
120
3003
11820
3850
13623
7211
130
6534
11335
11821
11818
13631
3868
157
6537
11822
3021
7220
11344
13661
11826
11846
6547
175
11350
13668
3898
3023
11858
11923
6574
180
7223
13672
11859
11358
3420
13724
3948
6610
183
11967
3024
11361
11866
3436
6635
13732
11370
221
7225
11876
3962
3443
11979
6641
3032
11372
13738
3446
265
11879
11989
3963
3056
13788
6657
7265
11374
12009
3972
3462
281
11904
6663
13797
3091
12031
11378
290
7291
11962
4000
3463
13798
3096
11383
6670
12043
301
4001
11964
3466
7321
13801
6726
12053
11392
3104
318
3472
4013
11970
13863
3113
6731
11394
12069
3477
7337
4027
345
13891
12033
11405
6735
4033
12079
3138
375
13913
12035
7341
4034
11415
6739
12082
3148
381
13919
11416
12038
12095
4035
6749
3159
7345
11446
390
13979
12057
4043
12140
6750
3175
13669
11452
13983
7359
12074
6752
4079
12141
3241
13679
11454
13985
12087
6771
12165
4105
4085
3479
12110
11500
13685
7395
12167
13992
4119
6776
7006
12111
13716
3481
11530
14085
14012
6825
4127
13725
7401
7030
12116
14018
3516
11533
14088
6840
13729
4138
3536
7037
14091
6845
11548
14034
12127
7417
13734
4174
3538
6852
7039
409
12133
11568
14129
4178
6856
3541
13735
7428
7042
11576
412
12142
14151
4179
6886
13736
426
3556
11583
7063
12144
14170
6902
13744
3579
4199
7097
442
7430
11605
12151
6915
13765
444
14184
4219
11622
3622
7098
12174
7433
6929
491
13786
7118
14194
3624
4260
7889
6936
14083
494
7133
13800
14229
4289
7922
3625
6943
7435
504
13811
14233
14090
3634
7929
7150
4320
505
6957
13821
3650
7930
14098
7437
7154
14243
4330
13835
7969
508
3663
6971
14101
13840
7164
14299
7973
3677
512
6972
4332
7445
14111
13841
7982
14301
7169
3683
4344
531
13854
14121
9771
8005
14308
7178
4348
3709
10191
538
14139
9795
8035
13943
14309
554
4392
8061
7194
3713
13946
14178
9808
14317
10202
8085
13955
568
9870
7200
4404
3717
14355
14185
8108
7203
581
4421
13966
10223
9885
14195
14357
3722
590
13971
8125
7219
14359
14209
4435
3731
9890
615
10256
8132
13982
14225
7226
14392
4436
10650
9899
616
7227
8138
10257
14227
13986
14401
10653
4456
623
8140
9901
14002
14230
7268
636
14460
4472
8170
9907
10655
10283
14003
14245
7282
639
9914
10661
14475
8173
4496
14006
14256
7315
694
9921
14498
10665
8178
14024
7317
10300
4529
14274
9922
701
10685
8185
14499
14033
7324
4555
9924
8195
10700
14511
729
14281
410
10303
7331
9926
14528
8206
4563
10711
730
14311
9939
14538
10737
421
7369
8207
764
4575
14332
9941
14547
10746
10322
7374
432
14335
4585
8223
808
14548
9942
457
10769
7376
8230
10327
4591
14383
815
14557
9999
7382
14391
458
10770
5520
822
8249
14562
14428
507
8259
10006
5569
10811
10369
7388
835
14574
14434
14577
8279
509
7399
10816
846
10019
14440
5598
14583
519
848
10021
14445
8290
10374
7407
5601
10818
867
10023
534
14619
14453
8318
5649
10823
887
7412
10407
14638
10036
10847
545
5667
8327
14462
12658
7413
549
10852
14646
5670
10038
7420
5062
14472
12663
10418
557
7434
5094
10865
10058
12667
14655
5676
14486
579
5124
7444
14656
10873
14488
10061
5745
12728
605
10427
5134
7453
14507
14657
12737
10071
10890
5780
620
5143
7457
14658
14509
12747
10092
624
10897
5803
10434
5156
10173
10094
14525
12763
629
10928
14660
5804
14527
10097
5176
10175
12766
10941
14668
632
5814
10458
5209
14550
14721
10960
12784
10099
10185
5816
646
12830
5211
14734
14553
10218
10462
10104
656
10968
5859
14796
12837
10239
5265
14561
10144
657
5866
11022
14837
12841
5276
10465
10147
10247
14569
11031
5887
658
14848
12848
1374
5285
14607
10282
11062
14874
5917
666
10484
10286
12868
11073
5297
1376
14902
14666
675
12871
5941
14949
10296
1384
10485
11082
5304
14675
12873
686
5980
10308
14956
1395
11104
5318
5998
14701
695
12886
1405
10338
14970
11132
14703
5358
6015
12893
696
10504
1417
5416
10362
14980
6024
11134
734
14749
12900
10376
5423
10537
1420
740
14765
11146
11206
6025
1425
10378
12902
5436
14772
11215
7360
11156
10561
6045
5448
10380
1462
12903
14783
7377
11218
11168
5462
6046
10414
10562
1491
12906
14799
7405
11170
11227
5469
1496
12925
10442
8384
14801
11241
11171
1500
5476
12927
7424
10576
14838
10444
11176
8388
11246
5481
12935
1507
11180
7442
11247
10451
10610
14857
8393
1521
5495
12936
11192
11251
10454
10190
1528
14869
12938
8448
2267
3269
1543
11285
12955
14876
6474
10455
10204
3270
8454
2291
1549
11299
10487
3272
10220
14878
12956
8473
6511
2337
1553
10502
10226
14891
11303
12962
3296
8480
2340
1554
12974
10513
10238
11326
2353
3308
14909
8482
1564
6518
11330
10516
12975
3323
2374
10269
14911
8492
1580
12996
2386
10541
11356
6519
3350
14912
10280
8575
1587
13016
10553
3366
11382
2406
10293
14926
8582
6551
10556
13039
3368
1590
2457
11385
14944
8585
10304
3413
1173
13050
14767
8595
2458
10307
11387
14948
3425
6565
13065
1180
14806
8602
14957
11389
10333
2475
3451
14816
13077
1198
8626
11397
6600
2477
10352
14959
13080
3459
14830
1219
8670
11407
14987
2493
10365
3493
12182
1224
14845
11411
6603
8682
3501
2519
12189
14997
10402
1242
14871
11433
3509
8693
10405
6611
2523
1299
11210
12227
14886
3559
11470
8705
10409
2533
12250
1303
14892
11213
11506
3564
8723
14896
12259
10469
6638
2543
1313
11226
3588
8736
11518
14936
12278
1318
10473
11236
3635
11524
2568
10506
14952
6668
12287
8755
11242
3636
14960
11538
2584
10521
3
12295
8758
10557
2594
3654
6682
11220
11542
11280
12305
9
8761
11292
11547
10565
11257
2638
3672
12
6702
8769
12315
11556
11269
10584
2661
17
3679
8774
11557
3987
12331
10589
6711
11278
2675
8824
12352
3992
10635
3698
11596
11289
6736
2679
8836
4003
11602
3699
6478
11312
12357
41
2685
4009
8842
3723
11620
12365
11323
6798
6493
3735
47
2705
4010
11625
12389
61
10656
11332
6497
2707
11641
8846
4040
12392
6802
11336
63
2714
10662
11662
6498
11340
4061
1796
10670
12402
7885
64
2720
6512
11355
4069
1844
12427
10715
7893
11362
2721
73
1852
6514
4071
7897
10757
11373
6804
12461
2728
77
6531
1853
11406
4082
12470
10760
7907
79
2733
6560
10763
7917
1854
6819
12479
4093
106
6570
2750
11419
7928
10764
6987
1859
12494
6582
2754
111
11444
6860
7958
10782
6593
6988
12498
1882
117
2760
7960
11447
12513
6888
10787
6643
125
8910
6990
1897
7961
11468
6646
12540
10805
11491
8930
6901
7005
134
7968
1901
10856
12565
11497
6667
7987
7007
8933
146
6959
12608
10883
1904
11514
6671
8021
151
7032
8942
10887
1910
12638
11523
6672
154
7034
8066
6983
13096
10901
6690
8950
11537
1911
7038
173
13099
8071
11552
6694
10912
1922
191
8996
7041
13116
8074
9779
11562
6708
7049
10919
9082
201
13123
1924
6721
8096
11572
10948
9084
7055
13136
206
11579
6725
1930
8120
9782
11000
7058
9086
13166
232
8122
11580
11004
6741
8358
9087
7068
13176
233
6747
11604
7069
8146
9788
13220
11024
8391
9101
244
6773
11628
13240
7076
8401
11039
8159
9125
256
6778
11633
13248
9791
8163
11061
7096
8411
258
9135
13267
6779
11635
8167
11066
7110
9143
8416
6790
262
13291
9797
8175
11639
7112
11071
13296
6814
8440
263
7116
8190
11640
9800
11094
275
13307
6839
8451
11653
7121
11101
8199
6847
8472
293
13310
7909
9801
7130
8202
11102
6896
8490
305
13356
7923
9148
7137
11103
328
8204
6899
8526
13361
9180
7948
9809
11116
7143
8208
337
8528
13436
9200
9762
7949
13451
11122
7146
8252
7952
365
9208
8537
9819
9785
11129
7171
13454
8267
7963
9803
9247
367
8574
11135
7992
8273
7195
373
9254
13499
9850
11158
8577
9859
8284
8020
7257
398
9315
9871
2272
8288
13504
8598
8029
7264
13615
9873
13507
9881
2277
9323
8055
7270
8609
13625
8293
9900
13515
9332
2298
13656
9875
7302
8057
13547
8612
8308
9906
9360
2385
7312
13667
5081
9920
8631
8072
9879
13553
2399
9378
7314
5083
13675
8093
8643
9936
13579
2409
2803
7329
5089
8657
13687
8097
9952
9893
11666
2411
7375
2804
8702
8112
5097
9966
13692
2420
2811
11687
8171
7385
5107
9981
8707
2824
9904
11701
13702
2435
8182
7386
5138
2844
9982
13740
2450
11736
8710
7398
5144
8187
2869
9912
2468
13749
11760
9990
5145
7409
8746
8198
2877
2497
11767
9962
9994
13753
7415
8209
5161
8792
2526
2886
13775
8216
5166
11769
10016
7436
2528
8808
13780
2892
5181
9973
11774
8219
2541
10022
7439
5207
13803
2904
8815
8225
11786
2547
10174
10024
8817
5223
11789
9992
2914
8227
13831
2552
8863
5237
10181
10032
11808
13843
8237
2941
2572
5243
10182
10070
8877
10004
13847
8260
11809
10206
2969
2596
10087
1757
5264
13873
11815
10207
10088
2973
8263
5301
10045
2597
1807
13892
11816
8268
10213
10089
3008
5317
13904
2602
1826
11824
8270
2622
13909
10048
10091
5328
3026
8272
11835
1862
10231
10096
2627
8283
13932
5334
3033
11840
10052
1865
2697
10124
10243
8313
5342
11845
13951
3046
2738
10170
8317
10249
1880
10069
3064
13970
5353
2762
11863
10252
3071
8885
5396
8320
1889
1355
13975
11869
10273
8890
10080
3095
1894
5065
5398
11892
1357
10277
13989
8927
3146
5071
11895
10285
1360
1927
5410
13996
10082
8939
5086
3151
11896
5413
1369
10289
1959
14010
3173
11963
5091
8962
5427
3174
1371
10318
10100
14016
1965
8982
5105
5456
11992
10323
1972
3179
1391
14019
9002
1399
5468
14022
5117
1996
10341
10105
3194
1402
9005
12013
10342
408
5470
5120
3201
1998
9013
1410
416
5507
10132
10345
3202
5122
2014
9021
1436
10347
5137
12025
3258
3211
436
10136
2057
1439
9042
5149
10351
448
3267
3213
2058
1463
10153
9048
12042
10355
3221
5159
461
3278
2059
1464
3229
9069
5172
10358
2083
463
3281
10157
1478
9094
5173
3242
12056
2089
467
10382
1479
3299
4121
5183
9095
1483
478
2123
10158
10383
5186
12058
3304
4129
9107
2142
1484
488
10385
5196
10834
3306
9112
2166
4141
493
10387
1490
10163
10845
3316
5210
9114
4155
502
1525
2168
10395
3327
5226
10872
9122
1529
10424
2170
518
10169
4166
3334
5259
10888
9193
2183
4227
546
1542
10430
3339
5272
9195
10922
547
1370
4246
1558
3342
2184
5273
10431
571
9198
4261
10932
1559
10450
2209
3361
5298
1396
1561
10942
594
9202
4267
10472
3370
2241
600
5352
1584
9222
4279
10961
1401
3396
10477
5354
2258
606
4303
1593
9237
10985
3399
5359
10480
4645
647
11014
1404
4309
3416
1599
9256
5366
10493
4649
655
3444
9306
11021
1603
5384
4318
10497
4662
683
3475
9307
11042
1445
1631
5412
4322
10514
689
3484
4676
1635
11054
5420
9312
10528
4324
697
1450
9316
1648
11058
3492
5431
4677
10614
4326
703
5434
11060
9366
1649
3497
10618
4682
4358
708
1453
3522
1674
9376
5442
11067
10625
4704
3533
745
1684
12575
2793
11140
4793
5445
10627
1459
778
1598
1691
4812
11145
2834
12587
6501
5447
1697
2835
11155
804
1602
4829
12591
6508
1708
1511
5461
2840
12648
11159
4834
818
1604
1717
6513
5466
11167
1718
4852
2911
13106
6520
832
1608
5477
1519
11177
1723
6526
2915
13147
4867
11182
840
3277
1616
6536
2957
1727
2294
842
4878
1526
3285
1637
13156
2961
2327
1731
6554
858
4879
3307
2991
1647
2335
13173
6557
1538
904
882
1650
4888
3312
13178
3059
2342
6573
908
1694
885
3317
2344
1546
4901
11493
13185
6604
12673
912
1712
3320
4903
6607
11496
2362
13235
12691
914
1563
1736
3330
4917
6608
2413
12704
1738
13245
11498
3357
917
4924
2429
1570
1744
12717
6629
3359
920
13254
11509
4926
2434
12745
1751
6659
936
11550
3390
13260
4932
2480
12750
963
6684
11565
915
13264
3394
4938
12772
2483
971
11567
6695
919
4957
3400
13268
12800
2504
975
6718
11569
4975
923
13285
2506
3404
12805
6777
977
11570
928
4993
2515
12829
3405
986
6783
11571
937
12833
11577
2562
3407
1004
6832
939
5010
3437
11590
2567
1020
6844
940
12843
3440
11594
5014
1036
2580
949
3450
5021
13287
1043
12862
957
11606
6849
2582
3453
5023
1054
12874
964
2589
11629
6882
3464
1056
5035
12878
2595
6885
11634
3485
1104
12883
5037
2606
3499
6897
1106
5039
11637
12904
6905
3502
7465
967
1108
2618
11656
12915
6907
7474
3503
972
1142
12920
2620
7476
7898
6910
3529
2630
7477
982
12934
1147
6944
7911
13315
3543
7485
988
2631
1174
13317
3553
6954
7933
2642
1008
7487
3554
1176
6962
13322
1013
12949
7957
1177
2644
7498
3561
13324
6968
1016
12972
1195
2647
7959
3565
7513
13345
12978
1046
6970
1237
13382
7980
2648
1048
12988
7538
9789
3569
7984
1248
13013
2652
1057
3575
9798
2660
7997
1256
3587
1073
2684
1264
8012
1095
3594
2688
1267
8109
13385
2702
3596
1274
7575
13025
3603
9802
13417
3610
7577
13429
3612
13029
1124
13046
7586
9806
3627
1276
2706
9833
1141
8181
3630
3653
13435
1144
2713
8189
1304
3657
2717
13047
8196
13452
1153
7613
32
3668
8901
8210
1170
9837
7636
13471
13069
3681
38
8912
8220
7642
3712
13074
9841
50
7679
3715
9846
12192
94
7687
9869
3726
12196
1179
9874
7707
3737
8928
8226
12197
7718
9909
3741
1185
13479
8246
10649
12198
7723
1249
8952
9928
116
12200
13495
7743
10675
8265
9932
8958
1252
7769
13503
12209
10714
119
9954
8292
8975
1257
12213
10752
8295
7776
8981
13542
10011
1278
133
10753
12232
13554
8987
8299
7789
10013
1282
156
10756
9001
12263
8305
13577
7796
10035
158
1294
10772
12271
9007
8316
13584
10042
7812
160
10773
1306
12300
8333
10059
7824
9040
11671
169
10785
1309
5063
12384
7829
11709
9051
10081
174
10820
1321
5066
10835
12386
178
9052
11710
7837
33
5067
12412
9059
10853
11719
7877
204
46
5084
9383
9062
11726
10864
210
12414
5141
53
9073
9418
11751
10870
12429
5151
222
9077
95
9437
11799
10886
12477
5165
226
9083
9438
11801
140
10894
234
12492
5167
11807
9121
9443
162
5189
10911
247
12495
11871
165
9458
5205
10943
12509
270
11886
9460
166
5206
12512
10945
11898
9475
283
5252
171
11899
12518
298
10970
9484
5254
9158
198
10978
11907
9497
12533
335
9165
10991
208
5260
9504
9168
391
12547
11966
242
10993
9509
11969
5302
13622
9173
264
12593
11008
13624
9523
11991
9179
11027
278
5303
12617
11038
13628
9565
9190
12015
292
5305
12618
11048
12016
309
12619
13630
9192
5316
9584
12020
320
13638
11075
12627
9199
5325
9596
12024
11110
9212
5339
13649
349
12633
9609
12066
13697
11128
12634
9231
5341
374
9628
13704
9285
12084
11139
13100
397
5347
9653
13709
9289
13105
11150
12156
13595
5350
9661
9339
13117
13713
12175
11153
9665
13597
5362
13714
9346
14049
13127
9669
5364
11166
13613
13138
9351
14051
13715
13141
9679
13620
5382
11179
9368
13717
14077
9680
13179
13634
11191
5388
13760
14087
9693
13192
11193
13641
5414
9694
13766
14103
2773
13207
13680
9725
11200
5430
13799
14132
13237
2775
9730
13690
13817
2265
5433
13249
2778
14133
13819
9732
13698
5441
2284
2795
13282
14136
9751
13706
13828
5452
2300
2799
14169
13365
13739
5463
13832
2801
9753
2314
13384
14204
13779
2806
2361
5473
9760
13838
14212
13394
2818
2369
13829
9761
5491
13849
14213
2852
13401
6084
13853
2371
13851
5499
14273
2864
6088
2400
13857
13861
13410
14302
5514
2875
13866
6092
13864
13420
2422
2885
14326
3261
6095
13867
2452
13889
13423
2907
14333
3287
6127
2455
13908
13871
14340
13468
3298
2925
6130
2456
13874
13914
13491
3336
14342
6142
2929
13916
2464
13500
13881
6148
2963
14346
2518
13923
13530
13883
6150
14354
2994
2529
13893
3343
13940
13532
6161
14360
2573
13894
2996
13555
3354
13956
14365
2574
6176
13566
3006
13922
14378
3355
2585
6190
13586
3019
13926
14380
3374
2593
6192
13587
13981
13941
3048
14396
2598
3381
6230
14027
3057
11675
13942
14410
3382
2610
11702
14035
6231
3063
13949
14424
2615
3415
6243
407
11704
13972
14427
3068
3422
2619
6250
14013
415
14433
11757
3076
2659
6251
3427
453
14026
11758
14435
2664
6274
3078
14030
3429
468
11776
14455
6289
2698
3085
14036
3469
11798
6299
472
2727
14457
14037
11841
3504
3111
6307
556
2767
14490
11843
14038
3123
6309
2769
559
3514
14494
11851
6360
414
8892
565
3149
3525
14495
11861
3155
6397
8906
425
569
14543
3552
11885
3158
6431
8974
428
14556
597
3563
3184
11903
446
6471
14564
8980
619
11910
3574
3190
452
8993
14592
3746
627
11921
3210
3576
455
9006
3748
14626
654
3591
464
11957
3219
9031
3761
14673
3598
517
664
3220
11958
14689
3767
3599
544
3227
11968
690
9081
3609
14736
3778
702
3232
548
11971
9093
14761
3611
3789
11983
712
563
4101
9119
3805
4103
14766
3637
11987
728
9141
3807
14788
4114
3641
578
732
12005
9142
4118
3834
580
14792
3645
736
12022
9160
14797
583
3848
4124
3660
12034
9174
737
598
3667
3854
14851
4152
9197
763
12051
3687
607
3860
14856
9215
4161
12060
769
3701
3869
14861
613
9216
12068
771
3720
3870
4176
9242
12076
14864
642
3725
779
3878
4180
14866
9270
12090
644
810
4181
3906
10686
651
12101
14897
9279
10687
825
3926
4185
653
14933
9290
12120
4189
10702
829
3938
663
14937
9291
12121
10703
4211
830
3960
14941
9309
676
12122
10731
4220
844
14974
4032
677
9320
12148
4222
10732
847
11230
4041
12153
9347
4228
685
10734
11240
4054
12699
9359
10767
4325
12161
687
4062
9363
11252
12710
4359
10784
14070
711
9364
11255
10793
4361
12713
715
9372
11300
14097
10806
4362
4075
11301
12767
735
14127
2771
4384
10827
4083
742
11315
12773
2783
10846
14131
4420
4088
755
11329
2786
12778
4427
10848
14156
4096
776
2789
11333
12794
4445
6989
14172
803
10854
4466
11334
12816
2796
7008
14174
812
10868
2800
12817
4477
11337
843
14203
7040
10876
12879
2808
4485
11341
857
10898
14207
7046
12917
11388
4488
2822
7078
10925
877
14237
4492
11412
12947
7083
884
10938
14282
11421
4502
12970
7087
889
2831
10952
4516
14289
7089
12977
11436
12659
2838
11010
14297
4528
7117
11488
12991
11013
12692
2847
14306
7125
4530
11502
12992
11050
12703
2851
14318
4564
7142
12999
11513
2863
11090
12707
4583
14321
11119
2873
13026
12711
4611
14329
7144
11522
5600
11126
2889
13027
12714
5611
11531
14343
11162
2897
12718
13028
5639
11549
11165
14356
12720
2910
13070
5668
11175
11655
12722
14362
10090
13084
2942
5678
11187
11660
14374
13089
11188
2945
7180
10106
5688
7901
12726
12186
14388
1571
2950
10107
11190
7918
7181
14425
12761
5698
12190
14426
7183
2260
2962
10137
7931
12783
14429
5704
1575
7192
2262
7953
10149
2995
12235
14461
12792
5739
2276
7207
10152
7966
3027
12803
14467
12248
2285
5751
7241
10155
1588
12808
3055
2328
5784
14503
12275
7246
10167
12810
2355
3115
5797
12279
1601
14508
12811
1343
7280
2378
3121
12280
14513
5807
12818
7287
1352
7976
2391
14516
5811
12819
3139
12312
7296
1356
12840
2395
14517
8013
5830
3142
12335
1358
7306
14526
2398
12865
5835
8017
3166
1362
12364
7347
5836
2423
14565
12877
3178
7353
1366
12368
14575
12891
2424
5848
3217
7373
12372
1368
12894
14579
2433
3226
7387
5862
12382
12916
1612
1398
14603
2437
7450
5868
3243
12923
12394
14606
2448
10178
1409
4110
5869
1618
14609
12411
1438
12928
2467
10194
4117
8019
5890
14613
1632
12929
1440
2469
12441
10195
4120
5934
8025
14629
2495
12961
10230
1447
12443
4137
14636
5936
12989
8053
10251
1654
2499
4139
1455
12490
14641
5946
8054
13001
10275
2507
4160
14648
5949
1465
12493
10276
13006
8058
1681
2512
4167
14670
5983
12505
10279
1467
2522
8079
4170
13007
5990
14677
10309
1685
12508
8080
1472
4177
2524
13021
6022
10312
14681
2534
1475
12520
8092
4206
1703
13022
6047
2536
1508
10315
14687
8103
13037
4230
12579
6048
10361
2545
1510
14691
1726
8105
4245
13042
6055
12590
2546
14694
10370
8129
4262
1523
13048
8413
2557
12606
1733
10390
14733
8139
1527
4273
8420
10392
13049
13095
2559
14746
8172
4276
1531
1741
8423
10404
13101
8174
2576
13059
14752
1547
4292
10439
8428
8186
14777
13118
2599
1565
13067
4297
10456
1748
8455
8200
14778
13092
1606
13128
2614
10475
8456
4300
8214
13163
14789
2634
1620
12205
8461
10507
4307
893
14793
8235
13184
8499
1628
12212
2669
4312
14794
10509
13186
8245
1629
8514
12253
2683
896
10517
4313
1633
2687
12258
13188
8521
4336
8269
10535
12270
2710
1634
8527
902
10538
13194
4356
8282
12308
2731
8543
4365
13222
1662
10540
14826
12317
8289
2732
8557
1700
4366
10545
13228
903
14839
12333
8558
8324
2744
1705
10546
14852
4378
12338
8606
13244
2747
8336
10552
907
14862
1720
4402
12359
8616
2755
5092
13269
4405
12369
10571
1735
8618
2763
4418
13276
5093
12373
10580
14885
8624
1740
921
8886
13286
4429
12375
14914
5111
8637
10583
8900
1742
4444
13316
948
8651
14930
12399
10587
5112
8907
1746
13348
4461
8704
14939
12423
8940
5114
10607
8726
1752
4489
13379
954
14947
12452
5150
8946
925
8738
10623
4498
13387
14958
12454
5157
8777
8968
929
10631
13453
4503
976
8778
5204
9011
951
14967
12457
10640
13465
4506
5212
962
8833
14983
9022
13477
12465
6495
984
8849
965
4518
9037
14999
5216
12466
13521
6535
8860
998
4547
5241
9098
12467
1022
11208
1775
13526
6545
1001
9109
1809
4567
5295
12469
11211
13536
6562
9144
1824
1027
1025
5311
4592
6584
12473
11234
13550
9150
5312
1830
4604
1070
6620
12475
9153
13582
11238
1081
1028
4629
1839
5313
12485
6653
9169
1091
11703
11272
5524
1875
5351
12503
1049
6665
11712
5537
9210
11273
1094
1876
5367
12515
6677
5606
9221
1878
1064
11318
11715
5381
1096
12527
6701
9224
5615
1881
11721
5394
11349
1109
9239
6722
12532
5620
11739
1116
1893
1067
5404
11367
9244
12537
11750
1122
6733
5622
11368
9269
1909
5455
12576
1069
11756
1126
6748
11376
5626
12585
5460
9287
1913
11390
1146
11759
5661
6765
9296
12589
5475
1919
11768
1087
11423
1204
5701
6769
9302
12603
1926
5484
11787
11441
5709
1228
9343
12607
5488
11825
11460
1947
9350
1098
1231
5711
5501
12611
11464
11831
1235
1966
1110
5712
5504
11854
11476
12642
1988
1246
9362
5726
11482
5511
11857
12646
1111
1991
1247
11501
9365
3262
5728
13102
2004
11867
2788
11612
1254
3268
1127
13143
5730
2020
11870
11630
2821
13169
1258
3284
5740
2036
11881
13172
11642
2826
1133
1261
5752
3288
2045
7888
11884
2829
1271
13210
5754
1139
7896
3310
2046
11894
13211
1284
2836
1150
2052
5760
7906
11932
1292
3321
13214
2858
2073
11934
7914
5771
1154
1297
3322
13216
2115
2876
7936
5779
11950
3324
13232
37
1157
2133
2891
7946
5786
11954
3325
13271
1191
2192
2899
42
7981
5794
13280
2901
3329
12001
2198
7993
5808
1192
52
13295
3363
2201
2912
1201
12003
5850
7995
3376
103
13297
2936
2204
1211
5901
3379
12010
8001
2938
13300
2228
104
1236
5905
12021
3383
8008
107
1244
2943
2232
13309
5952
114
13332
8011
4642
2964
3385
1273
12029
5955
2965
13337
4648
1291
5988
8041
12036
126
3393
1298
2975
13350
4659
5992
3433
163
12049
8060
2977
1307
13366
185
3454
4691
6001
8077
12055
3001
13413
6026
1311
3458
187
4740
8091
13448
12070
3017
6028
209
3480
1328
4769
12071
13449
6036
8106
3049
3488
269
1329
4783
13463
12085
8362
3510
3054
8111
280
8
4833
12091
13475
8368
3519
8116
3062
285
4838
10
8397
12102
3544
13486
8130
3069
287
13
4850
8425
3547
13488
12109
8134
3092
304
8429
70
4851
3570
13517
3098
312
12112
8141
4854
8432
78
3583
12138
13543
3128
6772
8152
315
4870
8439
3602
13546
97
12168
3144
316
8471
4887
6780
8154
3620
11672
12177
113
327
3150
8229
8489
3633
6784
4890
329
115
11679
14062
3154
8247
8509
3647
4895
6851
14067
8278
11705
347
122
3193
6861
4905
3651
8525
14093
8285
11708
3671
3239
128
8542
348
6865
4927
8315
14094
3248
3674
352
6867
11737
4930
8544
3252
14114
5059
3696
11740
6870
136
361
4941
5080
14122
8556
10652
4104
11741
144
377
4943
5085
14137
10673
6875
4146
11778
161
5096
380
8566
10676
14162
4151
4946
6906
186
11797
5113
14165
10677
384
4153
8568
4954
213
6913
14199
5123
11819
4154
8587
394
10743
5127
4959
214
6914
11823
14267
8597
10744
4168
13596
11830
4960
5131
6928
240
8625
4203
14270
10762
11888
13598
5148
6932
4966
251
4217
8639
14278
10795
5193
13609
11889
6937
254
4234
8658
4992
14298
13610
257
5213
11924
4999
6973
4241
8701
14305
277
11933
13629
5040
5227
4247
6978
8712
282
14341
11998
8714
13642
4257
7464
300
14347
12014
9763
13643
5229
4258
8741
306
12019
14358
7507
8783
5249
9765
12026
322
4259
7533
14377
341
13648
9769
8788
12028
5255
7537
4287
14381
351
13658
8801
10814
9796
5261
12044
7549
14382
4295
355
13662
8828
5275
10836
9818
4305
14384
7571
12061
378
5280
13671
9830
8858
10866
14387
5282
382
4376
12064
9832
13681
7574
8870
14390
10871
5287
9857
4377
12073
401
13689
5315
8872
7591
10892
9872
13693
13593
4382
14398
12107
7599
5321
10896
8882
9931
4383
13602
13696
12147
14436
1762
5331
7628
9934
13605
12149
13711
10910
4406
1764
14437
7638
5345
9955
13639
12164
13718
4413
13653
7662
14443
9964
14047
1773
5368
13727
4422
9980
7701
13657
14463
1814
13742
14056
4424
5378
13666
7706
9985
1819
14492
14102
5411
4459
13745
13700
9986
7714
1828
10967
14118
14549
5425
4471
7732
13748
9989
14125
1840
5505
10975
14563
13710
4501
7774
13778
9998
3282
10994
14128
1857
14572
4522
7782
13783
3283
14130
10116
11011
4524
1858
14594
7805
12302
3305
13804
11030
10120
14150
1886
4526
14637
7814
3331
11043
12306
13805
14171
10122
1914
4538
14653
3332
11047
7818
14187
12311
10133
13813
3337
1933
4551
14667
14200
13816
11064
1373
7823
1935
12316
4557
14669
3365
14210
13822
11068
7850
1940
12326
1382
4559
3380
14216
14688
1946
13875
3419
1386
7858
11072
4574
14254
12339
14693
1984
11105
14265
13897
7865
5525
3426
1389
12343
14698
14285
1989
11112
5561
7871
13900
12345
3428
1403
14307
1997
11117
14718
13905
3465
12346
5574
7878
14310
14732
11124
1408
13912
3500
1999
5585
12354
14312
14751
9396
1414
2005
13917
11144
3512
5605
12366
9400
14758
14319
2006
11163
13934
1421
12367
3513
5624
14762
9407
14323
2032
11178
13937
12370
3518
1422
5634
9409
14325
14771
11185
3523
13965
2049
12391
1427
9430
2303
14327
5637
13974
14773
2078
12397
3568
14344
9432
1430
13988
5642
2324
3584
14786
2104
12409
13991
5648
9452
3595
14791
1435
14348
2341
2112
12418
9454
3617
13995
2351
5658
14350
14822
1456
2113
12438
14009
9468
3656
14363
2359
5659
14823
1482
2145
12442
14367
14020
9474
3686
2443
14827
5684
2157
12472
1517
9478
14399
3702
413
5703
14846
2444
2190
12480
9480
1524
417
3703
14419
2479
5720
14847
12486
9488
2195
418
3705
2498
1530
5735
12501
14456
2196
9490
14860
441
3734
5742
2520
1544
14883
2247
14473
12516
3738
9503
451
5749
2553
14907
1557
12524
4634
14491
9539
10671
2554
5762
486
12542
1572
14910
4651
9558
10680
506
5768
2558
12551
14913
1594
527
4686
10692
9563
2560
5788
14501
12559
14916
539
1611
10704
4698
9632
14512
5833
2600
12571
540
14924
10707
5877
1615
9636
2604
4699
12581
14522
591
14928
5883
12616
9645
10720
1623
2621
4700
14533
5935
14966
12643
609
10728
14535
9654
4711
1656
5940
13111
2628
14985
628
14566
9678
4743
10736
5958
1663
14990
2641
640
14600
13115
1672
9688
14994
10776
4757
2645
13121
5967
14610
684
9692
4759
1675
10797
2651
13124
14620
718
4770
5970
10807
1678
9734
2658
13126
721
6004
14631
10812
4777
1688
6082
2696
11204
13144
4792
722
6012
14661
10817
6086
1689
11219
2709
13146
724
10826
14663
6087
1693
4794
8348
11239
2723
13154
14685
741
10842
1714
8349
6155
2759
4796
11245
13157
10857
895
8360
14690
758
6222
4840
8887
13170
8367
14711
11248
10877
905
6229
4864
767
8897
14724
8373
910
11258
13206
10909
785
8904
6235
4904
8419
959
14743
10946
11261
4918
791
13225
8911
8443
6244
10959
11314
981
14770
793
4928
13229
6277
8488
8956
11331
10966
14780
13231
8512
1009
794
4934
6291
11351
13258
10976
8522
14784
833
8963
4935
6312
1014
10981
11353
14798
13301
8524
4958
6346
1037
849
8978
11381
10995
14813
6359
8573
4976
13313
850
8997
1062
11400
11080
14818
6365
869
8581
13325
4987
11401
9014
1074
11083
14850
8599
4997
6370
881
11410
13327
1075
9067
14858
11088
8603
6379
5019
12662
11431
9070
1114
13329
6384
14904
11100
8615
6386
1123
14917
11443
5047
12708
9079
13338
11118
8660
6404
1134
7467
11450
11123
9080
14935
13339
12716
8666
1136
6406
7481
11173
11453
13388
14961
12760
9117
8679
1140
6424
11174
7482
11455
13402
8681
14972
12770
9126
1182
11196
6463
13418
7506
14975
9130
11469
8687
1197
12775
2270
7515
3753
14978
13461
8689
2275
9134
11484
12813
1203
7521
13470
14995
8690
3775
12846
9159
2279
7536
11489
11216
1205
13474
8696
12851
9186
2297
3781
7539
11225
11490
8725
1216
13483
2305
3784
9209
12882
11494
8753
11231
7568
2306
13490
1221
3796
9228
8782
11232
12897
2307
11512
7585
13508
9236
1225
3808
12898
11281
11521
8793
2310
13512
1266
7624
9246
3824
11283
11527
12921
13537
2318
8807
1286
7625
9264
11291
3845
8822
11534
2333
13540
12937
9268
7631
11328
1288
3856
11535
8823
13557
2382
12941
7634
11364
8829
1290
3874
11584
2410
9274
12948
7644
13564
11365
8834
1317
2421
11587
3901
12952
9292
7645
11398
1324
8856
3909
2460
13574
11588
9314
12963
7649
1325
2488
11438
3911
8859
9319
11593
11681
25
12984
7654
11442
2494
9322
3922
8865
11607
43
11467
7661
2500
12986
9326
8879
11682
11609
3967
51
11471
12998
7664
2539
9341
1759
11643
3978
11697
11477
54
13051
9344
2564
7666
1782
3979
11483
7882
9379
2640
59
11713
13072
3993
1820
7669
7890
11504
2677
2776
1834
105
3997
12179
7895
11507
11728
2781
7680
2686
1879
12214
112
4025
7927
7710
2787
2711
11553
12222
123
1895
2837
4053
7964
2722
7737
11745
11555
147
12228
4060
7965
1912
2854
2726
7744
11558
4064
12255
164
2729
7979
1923
2868
11749
7770
12276
172
11582
4090
2736
2902
7989
1961
11603
12283
176
7771
6991
2905
2740
11752
8024
11615
1994
7785
12284
2934
179
7013
2741
11638
7809
8026
11765
2001
184
2742
7024
2948
12290
7817
2010
200
11644
7045
2970
12297
8888
11800
7822
11659
2013
224
12313
8896
8038
7065
7828
2981
2051
11805
11663
7075
225
8902
12336
8046
7842
2985
7902
2053
228
12350
8914
7086
11810
7859
8052
260
7905
12355
3005
2092
8922
7095
9587
12362
8059
7908
11900
3012
2128
272
7104
8938
9604
7910
8126
12385
8957
3061
9606
2141
284
7106
7916
3073
9626
8959
8128
7107
12413
323
2147
7955
9630
7108
3077
8964
11922
12426
8158
332
7999
2149
8985
9634
7127
12431
3080
2162
8166
342
8009
8991
7163
9646
12458
3105
11940
8994
2163
8037
7175
356
8168
3109
12464
7188
8177
9026
8039
360
2164
9708
3119
11994
12491
8193
9065
2207
7210
8049
364
12496
9714
3136
8194
2217
12500
9072
376
7212
8056
11995
3137
9720
8197
12504
2236
8081
7214
389
9100
9722
3162
2244
8241
12519
7228
12039
8089
3168
404
9105
2250
9729
7229
8244
12525
8099
13607
9108
3169
7235
4631
12046
9735
12541
492
4643
8100
13621
3183
7236
11909
9759
4654
523
12560
12047
7240
8113
6064
11920
530
4656
7242
8136
13626
12567
3187
6070
12048
7275
564
4692
13678
8137
12054
6093
3215
584
4716
7283
12594
12059
8143
13688
3230
6107
604
12075
4747
8165
12597
7285
13752
635
3247
12092
12094
6122
4749
12602
8179
13755
7292
12106
645
4758
4128
12628
6146
8201
7340
13763
669
12114
4767
12647
6149
12105
7349
4134
681
13771
12132
8212
4156
6160
12651
4768
14042
710
12115
13789
4157
13108
8217
6179
4785
14054
13791
7351
8218
12117
723
4789
13119
14060
6196
13812
8236
752
7355
13132
4795
4188
13824
14080
6213
8258
756
12146
4844
7357
14081
13152
13825
8264
4857
14123
757
13196
13827
7390
12166
6223
4859
14142
8274
13842
13208
7393
766
6254
14167
13846
8291
4889
13227
7400
790
14201
14057
6259
13887
4210
4892
5101
7403
13241
6282
836
4907
14252
5109
13890
7406
13247
870
4213
6321
4955
14260
10179
13253
5135
13896
878
4963
6322
14271
4233
13263
10203
13924
5142
4970
4269
6324
14284
880
13298
10248
4281
5152
13928
14300
13318
883
4978
6327
10268
5153
13930
886
4283
13354
5003
14400
6341
10368
14065
13933
5190
13363
4294
12664
14404
5028
6342
10381
5194
4316
13945
13373
14411
12681
10394
5046
5217
14076
14414
4317
13948
13375
12683
10401
6348
5240
7490
14423
13950
13377
4321
12685
10416
6355
14454
7499
5246
14084
13395
4333
13963
12696
6366
5250
14466
10425
7512
4338
6376
13403
13964
12715
14483
4343
5271
14106
10426
7517
6377
13967
12724
13422
5279
14493
10452
4347
13993
7559
6380
5286
12729
14502
10478
13428
7562
4394
14004
6383
12736
5294
10479
14506
14021
4395
13432
7576
6389
5309
12738
10496
14514
419
7578
4447
13476
5389
10501
6409
12743
14523
7583
5391
420
4470
10560
13494
6410
12746
7602
14532
4480
422
5393
13506
10564
12753
6427
427
7614
5399
14537
4504
6438
13513
10619
12755
7626
5405
14555
438
13516
4513
7633
10624
6440
12756
5419
471
13528
14567
4520
7667
12768
6445
6477
5450
483
13551
14571
7697
6472
4521
12771
5472
6515
501
13558
7704
14588
14109
3770
4565
12797
5489
6548
7708
14595
13560
515
3773
12799
4566
5490
6559
3776
13565
7713
14627
14119
524
12807
5494
4568
13568
6571
14645
3786
7735
12814
5513
525
14124
14659
4593
3800
6612
13575
7742
3263
12824
535
14154
13591
6624
3809
4594
7751
14706
3264
12826
3847
14159
543
14747
6640
11693
7772
4621
3266
14753
3866
12827
11694
6699
7784
14173
552
4622
3273
14754
11695
3888
12834
4627
6732
7786
14191
555
3276
11735
12853
3893
14756
7800
5521
6734
12859
588
3895
11748
3300
14759
7801
14192
5543
11795
599
12861
6754
3335
3919
14769
7804
5544
14211
3349
6756
11796
12889
630
14814
3946
5546
7833
14220
3351
6759
11836
637
12892
14821
3950
5548
7845
6774
11847
3411
14232
650
12899
7848
11877
14825
5554
3951
6797
661
3418
12907
14248
14841
7873
11890
5565
679
6805
3954
3456
12908
14855
11911
14253
7881
5602
688
3982
6806
3460
12911
11916
14870
5603
9380
14261
3983
3478
691
6826
12922
5625
11926
14873
3483
9390
4004
750
6831
14263
12966
5641
11941
14889
3489
9392
4005
14269
6833
12967
754
11949
5645
14900
4015
9412
3498
14286
12982
774
6834
11955
9421
14903
5663
14295
4036
3511
781
12995
9429
14906
11956
6853
5679
4037
14315
3520
9436
782
6855
5699
13008
11974
4044
14915
14336
3548
9461
787
5738
13009
6866
11976
4046
3560
14920
14370
5759
9479
13010
798
6871
14921
14416
5781
4055
13023
9496
3590
801
11981
6874
13024
9513
5791
14417
3604
14925
4081
11996
845
6894
13031
14927
9543
14431
3607
5795
6985
12040
875
9545
14934
5809
6917
14441
3615
12052
13035
6992
12661
14938
5821
3616
9547
14448
6949
12088
6993
13038
12700
5837
3623
9568
14945
14469
6953
7009
5844
13043
12097
3661
12725
14954
6965
14470
9575
5854
7028
6966
3664
12108
12733
13052
9576
14962
14478
5857
12113
3665
6977
7044
9588
12749
13066
14482
14963
12118
5881
7060
3692
12751
6981
14973
13068
9598
12129
14500
5889
3697
9768
12754
7128
12135
13083
14996
14515
9611
5903
10647
9770
7131
12795
13085
12178
11203
14521
9651
5919
10666
9783
12809
7141
12180
14052
9658
5923
9811
14539
11222
10682
12838
7145
9855
12185
11229
14112
14558
5932
10688
9664
7158
12847
14115
12195
9860
11235
14570
9697
5976
10690
7201
9876
12856
11244
12202
14581
14116
9702
6013
10725
12867
9877
7205
12231
11275
14584
14144
10726
6014
9740
9878
12881
12238
10729
7213
14590
14147
11277
6034
9887
6109
10738
7243
12239
6052
14601
6131
14176
10719
11287
9894
10761
7276
14672
12256
8340
6141
11304
14181
10747
9903
7284
10802
14682
6186
11347
12265
8345
14190
7286
9940
10748
10879
6187
14712
11352
7298
12286
9943
14234
10902
6202
14720
10759
7304
11369
12292
9946
14236
6204
7310
14727
10905
10791
11386
12321
9951
8347
14241
10796
10907
7318
6212
14763
11402
9963
14246
12324
10958
8351
7320
6217
10801
11403
14782
12329
14259
8356
12067
10965
7335
6224
10822
14785
8357
14268
12086
11409
12358
10979
10830
6237
14283
7348
12145
11414
8371
12361
14817
10837
10982
6246
8409
12152
11420
7356
14293
12379
10992
14836
10924
8421
6249
14304
7370
12154
11428
11006
12387
10936
8453
14879
14050
7438
6255
11429
14320
12406
11041
7446
10940
6273
11457
14055
14880
8458
14322
12433
11109
6285
10986
10176
8470
14324
14073
14931
11465
11114
12440
6292
10192
10996
8475
14940
14078
14331
12449
11466
11147
6304
10205
11003
8494
14095
14984
14337
12482
6310
11472
11148
8503
10212
11016
14149
12484
14988
6329
11539
14371
8505
11154
11020
12528
10214
14157
11543
14409
6333
11217
11164
8516
11032
11545
12553
14177
10224
6345
14432
11172
11249
8517
11046
14179
10241
11559
14439
6382
12582
2261
8530
11070
11263
14189
11585
12604
14446
10242
2269
8540
6390
11081
11295
11592
12605
14223
14452
6407
10264
11113
8547
11624
11298
3608
6414
14476
14226
10267
12631
11120
8551
14477
12640
11647
3632
11309
11194
6416
14240
10271
8571
14479
11651
3638
2268
12653
14242
10295
11339
6419
8592
11657
3662
14505
2289
14250
11359
12654
10299
6428
3714
7884
8630
2309
11366
14578
14272
10313
13133
6451
2313
7899
8636
3732
14597
11393
14279
2320
6454
10334
7945
13148
8649
14605
3742
2323
10371
6455
11408
14294
7950
8673
13189
14625
10657
10373
2373
7956
13205
8688
14313
3060
10391
10660
14632
7967
13288
8716
2379
14314
7977
3102
10664
2389
14634
13304
8722
10672
14361
8002
3132
14635
2396
11413
10422
11424
13319
10435
10683
13328
10441
11425
13334
10446
3156
10710
10448
13340
11449
10717
10463
14364
3176
13406
10739
3185
10468
11474
13411
14386
10771
10482
11478
2408
14405
14650
3195
13419
11485
8735
10775
10483
2427
14451
3222
14704
10799
11499
13427
10499
8003
14458
2478
8742
3223
10804
11508
14739
13442
14480
10511
3236
2485
8748
10808
8004
14740
11536
13446
14484
2492
4131
8771
8016
10594
14748
10824
11540
13458
14518
4136
8812
8030
2496
10603
13485
11541
10859
13814
4149
14529
8837
8044
10622
2510
13502
11566
10881
8861
13818
14540
8064
4214
10639
13511
10917
2542
8875
11573
14541
4216
13826
10923
6483
13519
11589
8102
14545
1766
4226
2550
13836
6489
10933
13522
1769
8104
2555
4237
6517
13839
14582
11611
10971
1774
13525
2561
4263
6521
14585
11632
13850
8114
10990
1801
13534
6522
7883
4268
8124
14598
2588
10997
13535
13870
1808
6524
8135
7894
14602
4270
2592
13886
11001
6581
13541
14614
7912
1812
8156
2612
4274
11077
13899
6583
13548
14621
4285
8161
2624
7920
11079
13902
4301
6632
1816
13549
14633
11095
2654
4306
8180
13561
7925
6639
4315
13906
11668
2655
14640
1835
11097
4334
8232
11685
7937
6644
13911
2662
14643
11689
4369
1849
11106
6656
11700
4391
7941
14644
13915
2699
8242
1864
11722
4399
2273
6679
11730
14679
8256
7944
2730
4409
11733
13918
1873
8307
4416
2282
11761
2743
6686
14709
7954
4434
13944
1970
11763
6696
2286
4457
7962
8310
14717
11770
6697
2751
4467
1986
13976
2287
11773
6700
8312
4473
8894
14726
1987
8007
13990
11813
6706
2315
4509
8323
14015
4534
8919
11817
14729
8018
1992
6709
8329
4541
2322
14017
11833
6712
8936
4561
14731
435
8022
11862
1993
8954
8334
6713
2326
439
8028
4570
11883
8977
2018
6760
14775
8338
4571
11887
8048
475
2347
8990
4573
6789
8065
8339
11905
476
4576
2035
14803
9043
2354
8069
6796
4579
510
11918
5058
9055
8073
6811
2040
4590
522
14833
11927
5099
9075
2370
6842
8082
2041
4598
11959
5100
528
8131
2072
9110
14863
6876
5115
558
8147
9132
5119
2094
566
6887
4600
11978
8183
2376
9154
572
2095
5121
14868
4603
6898
8211
12008
592
2101
14882
6920
5170
4616
9176
12030
8231
2377
593
2103
4618
14888
12037
5185
9217
8243
6924
2111
2390
618
4625
14890
12041
9219
5192
8248
6926
2397
4626
14894
706
12065
5200
9225
4373
6946
5519
2414
8271
14918
739
12124
6947
9232
5203
5559
4396
2438
8287
14968
744
5560
9263
12126
6951
5247
2439
8304
4398
14971
12128
760
5573
9265
5253
2453
6955
4419
11212
5053
12130
761
5588
2487
9272
11297
5263
4450
6979
12150
5070
2490
9275
817
9777
5618
11306
5274
5072
4479
12171
2503
9277
827
9778
5627
11313
12173
4514
5281
5106
9780
2509
11316
854
5673
9286
14041
5126
9838
5290
11324
4560
861
2537
9303
14043
5681
9882
5140
5300
11338
4584
14072
2617
9310
5687
871
5178
11371
9886
5310
4589
14075
2625
9313
5179
12668
5689
5330
14086
4595
2635
5195
9897
9321
11399
5691
12675
5333
4617
14089
2639
12787
11417
5692
9358
5336
9933
14113
4628
2674
5197
12789
11435
5732
9370
5346
9961
14153
5531
2682
12796
11439
5218
9373
5348
5753
9971
5532
12801
14161
2701
5769
5222
2855
5349
11440
9978
5540
12804
14180
5801
5231
2734
11458
9979
2870
5374
14196
5813
5568
12806
5245
8903
2871
5386
9984
11475
12825
5251
5583
14205
8925
5387
5815
9991
2872
11479
12832
5256
8937
14235
5587
5832
10000
5395
11486
12857
2880
9020
14239
5268
5595
5855
5408
11560
10009
12858
5292
9036
2894
14249
5614
5888
5424
10040
5299
12870
11575
9060
5892
5426
2922
12885
10072
5306
14264
5432
12933
10076
2924
5632
5307
9068
11578
5437
5897
14276
10112
12939
2976
5633
5337
9088
5898
11581
5457
10131
12957
14292
5647
3000
5904
9096
5338
11600
10138
5467
5686
12960
5908
14328
5344
11613
3011
9102
10139
12971
5706
5480
14330
5361
5933
11618
3047
9106
10154
5938
14345
13002
5710
5369
5483
11648
9111
10168
3052
13036
14373
5942
5725
5493
5370
11649
9113
1331
3087
5747
13061
5957
5496
14385
9115
5403
7887
1333
12181
5775
3100
5972
14389
3271
7891
9116
5406
12208
5812
3118
5994
1336
3302
14402
9118
7892
5827
12218
5438
1338
3164
3318
6000
14413
5841
7915
9123
12230
5458
1354
3353
14420
3170
6002
5849
7924
5487
9152
3362
1367
12233
14464
6011
5851
3172
5497
1375
7934
9155
6020
5885
3369
12234
14468
3212
1378
5500
7943
5918
3452
6029
9162
14531
3214
12247
5503
7975
1397
3457
6050
14554
5931
9164
3231
12266
5506
1406
7985
3468
9177
14611
5966
12273
8341
3237
3476
9196
5509
1412
7986
14616
5977
12282
8344
9201
3251
3524
5517
8027
1415
14617
5986
8353
9240
12285
4140
3545
3313
14654
1429
8031
8369
6017
9241
4142
3319
3549
12289
8032
14665
1432
9252
8377
4165
6031
3345
1449
3557
14680
12299
8034
8402
6042
9261
14686
1452
3347
3605
8040
4173
12301
8447
6053
9293
1458
3358
14707
8070
3695
4183
8352
9318
12304
8478
1460
3398
8087
3704
14730
12310
4209
8374
1470
9330
8481
3417
3708
8101
14735
12319
9338
8379
4238
1486
8493
3445
8121
3724
14768
12322
2779
4304
1489
8381
8504
8153
3470
3728
14781
2797
8507
8155
8407
12323
1492
4308
3473
14824
3736
8157
8539
8441
2802
1494
12332
3474
14849
8184
4310
8546
8460
1502
10648
2810
12337
3535
8552
4397
8532
8213
1506
2814
12356
10678
3546
4443
8576
8215
1512
8553
2815
14859
10691
3562
4458
12381
8580
8590
1539
8253
2832
3573
14875
10695
8608
1545
12390
4462
8594
2860
8255
3628
8621
14881
8601
1551
10709
8266
4463
12401
2883
3631
8641
10721
14901
8610
12422
4475
1556
8276
2903
8671
10722
14908
3643
12447
8632
1566
4486
2906
8674
14964
10735
8281
3648
1569
12468
8640
2946
4540
8724
14969
3710
10740
8294
8659
4542
1579
12506
2947
14977
3721
8733
10741
8667
1600
8296
2980
12510
4543
14982
10749
8762
8737
10658
1625
3013
12536
4552
10758
14989
8303
8740
8765
10684
1626
3025
8319
12552
11221
10765
4556
10693
8757
8785
1642
3038
10790
8321
10708
12555
11228
8797
1651
4572
3058
10815
8760
10724
12568
8331
11237
8835
4577
10833
1667
3070
10768
8766
8847
5087
11265
12584
4614
1680
3072
10844
8772
10788
8850
5104
1682
12601
11268
3075
5518
10855
10789
8784
8857
1699
12615
11271
10810
3090
5108
10860
1721
8795
8878
11308
10862
12622
5536
3107
5136
10869
8816
1765
1755
10920
11317
5547
3108
12635
8818
5139
10880
1778
944
10929
5549
11320
3124
10906
5160
12657
8832
1779
970
11322
10947
5567
10913
13098
1803
8848
974
5180
3125
10949
11325
10914
1832
5581
13122
8851
3145
5191
10954
11342
980
10915
5593
1855
3163
13137
8853
5201
10964
11345
992
10937
5610
1861
1761
13142
10969
3165
5613
1005
11357
10983
1772
5220
1866
13151
3180
11391
10980
5644
1012
11015
5230
1789
13175
3182
1867
1021
11404
5652
10987
1821
5233
1877
13191
1023
3191
5655
11422
1846
5238
11007
13218
1890
11445
1026
11053
3200
5657
1898
11023
1928
5244
13219
11448
5664
1937
1040
11063
3203
11087
5257
11461
1954
1938
1072
11099
5671
13223
3216
5258
11108
11462
1942
1977
11107
1085
13236
5702
2002
5269
11463
1097
1948
11130
3233
11138
13251
5270
5758
11487
2012
1103
11143
1960
3240
11151
13273
11546
11189
5283
2028
2009
1118
3250
11160
13279
11195
11551
5810
2043
5296
2022
1148
4106
11561
11183
11197
13281
5824
2024
2062
5323
1151
4145
11574
11199
11201
13290
2038
2065
5324
5865
1162
2263
4162
11597
2061
2097
13292
2274
5343
2288
4175
5876
11599
1165
2070
2281
2106
13349
5355
4190
2302
1189
5880
2296
2117
2338
5375
13393
11608
1202
4204
2080
2348
5884
2138
5377
11610
13416
2343
2087
1209
4205
2349
2144
5895
2345
5380
11645
13424
2110
1212
2363
4223
2358
2160
5924
13425
11652
2380
5383
4299
1218
5930
2127
2161
2364
13439
5402
4302
1229
11661
2394
2381
2146
5943
2181
13443
4342
2405
1251
5407
7938
2188
2393
2185
5951
1260
5421
13466
2416
2189
4363
2401
7991
2186
5953
5422
1262
13496
2428
2402
2200
8015
2203
4372
5954
1268
5440
13520
2432
2206
2415
2229
4379
5444
8023
1270
2442
5961
2215
13527
2418
2231
8043
5465
4385
2451
13544
5963
1315
2235
2224
2425
5471
4386
8062
2486
5982
0
13581
8084
2252
2233
4389
2465
5478
2508
5997
2
11680
8086
4410
2470
2238
2256
6005
5508
30
11699
4437
8088
4660
2472
2513
6018
5510
31
11724
8098
4441
4663
2476
6021
2517
4446
4689
5512
8110
11729
2254
2525
39
6038
4724
4453
2501
5516
8115
11734
4641
2532
66
4481
8118
4661
8361
4729
3265
2563
86
11738
4539
2516
8365
4787
2633
8119
3275
91
4666
2544
11743
4544
8389
4798
2637
8160
3279
96
2556
11777
8403
4672
4548
3301
4825
2649
8192
4694
121
2565
11783
8418
4608
3303
4868
8203
2676
4756
2578
127
8424
11814
5539
2586
3309
2681
4869
11827
4762
129
8234
8468
5558
2601
3326
2690
4871
4764
11828
8496
137
8239
3346
5570
4882
4779
2693
2629
141
5577
11855
8498
8240
3356
2704
2643
4884
4780
145
8500
5580
2737
3387
11893
8262
2646
4909
4784
8510
149
5589
2748
8286
3389
8513
11915
2663
4912
216
4810
3401
5604
2765
8520
11917
8309
2670
4914
4839
223
5608
2768
3439
8535
4915
8322
2672
4856
11919
227
5609
8330
8944
3441
2673
4861
8565
4920
5623
235
11931
5054
8960
4944
8569
3482
259
2753
4872
5057
11937
5690
8989
3486
2766
8578
4880
268
11938
5075
5697
9023
4950
8600
3490
295
8895
4916
5076
11945
5718
9024
3530
4969
8898
4936
5077
310
11975
5722
4985
3534
4983
9027
8619
5078
313
4988
11977
3539
5741
8923
5012
9039
314
5004
5079
8629
3566
5778
5026
8931
7489
326
8691
9045
5793
11980
8932
3577
5088
338
5044
8695
7491
9046
5800
8947
7500
3592
5090
5048
8779
346
11982
5817
5103
8955
11985
3614
9064
8798
350
7516
7459
5130
5822
8979
3652
11990
9071
363
8803
7462
7520
5132
5834
8988
3673
12000
9099
5146
383
7473
7531
8854
5882
9035
3678
12119
9161
5158
388
7540
5912
3680
9047
8869
14039
7579
9163
5928
395
5163
7542
3684
1760
7592
14053
9063
9166
13652
1767
14069
7604
5187
9104
3688
9181
13655
14079
5945
1770
7607
5208
7546
9120
3690
9213
5947
14092
13665
5215
7548
9235
7615
1781
9136
5948
5225
13670
3707
14096
7552
7620
9138
9329
5235
13682
5965
1863
14099
7553
7650
9145
9333
10663
13686
5978
5248
1868
9151
7555
9355
7659
10674
14104
1884
13730
5989
2798
9156
7564
5262
7671
13751
14117
10716
9170
1891
5996
2833
13772
7689
5267
14138
7573
1905
10727
9218
8343
2843
13784
14140
5278
7709
7588
10733
9245
1906
8354
13793
2853
14148
7589
7728
5308
1917
9248
13802
10742
8382
2862
7729
14152
1925
7609
5314
13806
9258
8427
10779
2888
7773
14155
5320
1929
13823
9284
8433
2908
7777
7616
5326
14163
10792
1952
2909
13834
7651
9308
14175
7780
8436
10800
1953
5340
2921
13848
7657
14193
7781
9311
8450
5373
1971
13858
10813
2923
9342
7722
14202
7787
8463
5443
1975
13862
10832
2932
7731
7791
8474
14206
9354
5446
13879
1980
2944
7752
7819
10874
5464
14208
8491
9369
13884
2026
7754
10882
2960
7820
5485
8501
13885
9377
2982
2033
7825
14217
13901
2792
2047
7830
2983
14238
7756
10900
5486
7839
2054
8511
13910
2997
2823
14247
2074
8515
13925
7854
7799
5515
3002
10903
14257
2830
2100
8555
7802
7857
3297
13931
10916
3007
2114
14258
7806
2878
8611
7879
3338
13936
10927
3010
14262
7808
2129
2890
9402
8638
3341
13954
10934
3020
7816
14266
2135
10944
2893
9422
8645
3352
13973
3030
10953
7826
2918
8653
3364
14303
9431
2136
3035
13977
7834
10955
2920
3377
2140
8663
3036
9441
14376
2940
14008
11002
7851
2152
3384
9445
8668
11005
3037
14379
14023
2954
2156
3414
7855
8751
11012
9457
434
14394
3042
2984
7864
2174
11028
3421
8754
3067
9510
440
14421
7870
2998
2205
8759
3114
11036
9512
3423
450
7875
14438
3015
8763
3120
2218
9514
11055
7880
481
3461
14442
9524
8775
3129
3029
2227
9403
487
11056
3467
8787
3152
3051
14449
2239
9530
3507
9414
8820
514
11084
3171
14465
3083
2255
9536
9417
542
8871
3188
3515
11093
3084
9425
9585
4636
14474
550
3197
1790
3131
3528
9467
11141
560
9593
3167
4646
14487
9471
3224
1798
3531
562
9600
11152
4653
14489
9489
3177
3246
1800
3542
634
9631
3204
4670
9491
11186
3550
14542
1829
4133
9648
678
3256
9506
4680
3551
2304
14560
4158
1841
9655
707
9526
4115
4693
3578
2330
14573
1842
4159
9689
4695
9529
720
4135
2346
3580
14589
4196
9695
1883
746
4702
4143
4197
9532
9698
14593
2352
3581
4720
4150
1896
748
9703
4200
4730
9535
2356
14615
3597
9707
1907
4164
792
4201
9542
14624
4735
2383
1950
3618
9719
4207
4192
797
4738
9555
14628
1957
3626
2407
4229
4198
9731
807
1973
3685
14695
4739
9574
4235
2417
6065
4212
1982
14696
855
4772
3689
9589
2436
4278
4242
6067
2017
4773
862
14699
6073
4284
4249
3694
873
4791
4311
2459
14700
9594
6076
4253
2025
3706
12678
9601
4805
2462
4331
4266
14705
2034
6094
3729
12689
4811
9613
4282
4345
2066
14715
6098
3740
9617
12712
4830
4346
2079
14741
4288
10659
6112
4832
12759
2489
9639
4349
14742
2093
6139
10669
4290
12777
4858
9642
2540
2096
4354
6158
14745
10679
4340
9644
12836
4865
2569
2124
10699
4423
14807
6159
9677
4367
12844
4873
2571
4431
2167
6169
10701
12850
9685
4393
4881
2590
14828
4454
9701
6175
2177
12863
10705
2603
4400
4906
4468
14832
2178
6183
12875
10713
2616
4414
14835
4527
4925
6185
2222
9746
12876
10723
14843
6191
4415
2650
4633
12887
4549
9747
4933
10745
14898
2671
6199
12909
4426
4644
6069
4558
4965
2695
10766
14922
6205
4432
6099
4657
12919
4562
5034
10780
2715
4438
14923
6216
4658
12954
6104
5038
2739
4578
4439
10798
4667
14951
6226
6126
12959
7492
4596
2745
4448
10803
6145
6227
4675
12964
4482
4601
7496
14976
2752
10819
6233
4687
6152
4490
5523
12968
7508
2764
14998
6181
6238
5526
10875
4491
12973
4696
7510
11209
6253
8884
6206
5528
10884
4511
12979
4705
7511
6265
11224
13003
10899
5529
6228
8913
4517
6275
4712
7547
11250
5530
13015
10926
8929
6234
4531
6276
4722
11254
5551
7550
8943
13044
6241
10931
6313
4580
7563
4725
8949
11259
5562
13055
6247
4613
10935
6316
7565
8972
6252
11260
4733
5582
4615
13075
6320
10974
7567
8992
6266
5638
4737
11264
6352
13093
4630
10984
7570
5665
6269
4744
6362
9000
11267
5695
12204
5552
11019
6381
7594
6271
11270
4750
12224
9004
5553
6391
5696
6272
11034
7596
4753
9038
12240
5555
11282
11040
6281
4754
7606
6400
9049
5705
12254
5557
11044
6293
11293
4760
9066
6417
7632
11052
5715
12264
6296
5591
11311
4763
6418
7635
9074
11057
6297
5599
12277
5746
11327
4765
11078
9103
7640
6314
5617
12281
6430
5764
9131
7658
11343
4771
11085
5628
6337
9182
12309
5767
7683
4774
5636
11363
6363
11086
12327
5774
7690
9185
5680
11375
4786
11089
6364
9191
12347
5806
7693
5714
11091
11377
6367
9204
12349
7696
11098
5721
5839
11384
6388
9205
12353
7698
4817
11111
5723
5842
11395
9206
6402
7715
12374
4874
6420
11121
5755
9220
12378
4886
6426
5756
9238
11142
7720
4896
5845
11427
12388
5763
6432
6439
9260
4956
2264
7725
5847
5783
11432
12396
9262
2292
4962
6456
7727
6450
5802
5858
12415
11517
9271
6467
3772
4968
5805
7746
2299
12436
5875
11525
9288
3792
3751
5008
5831
7761
2316
12445
5886
11529
9317
3798
5020
5856
3752
7765
9331
12455
2321
5031
5907
11586
3839
5921
7779
3758
9335
2334
5041
12460
5909
11591
5929
3851
9367
5049
2360
7788
3762
12499
5956
3861
9374
11614
5913
2367
7471
5969
12530
3764
2770
7810
2368
3872
5927
12539
11627
2777
5975
3766
7479
2384
3876
7815
12558
5973
5987
7886
2392
2784
3779
3889
7505
7840
12563
5981
6008
7913
2426
2828
3897
7861
12564
3780
7519
5995
7919
6010
3904
2841
12574
2430
7868
7530
3787
5999
6016
7932
3916
2856
12577
3791
7541
7939
2441
7872
6033
6007
2867
3793
3935
12588
7942
7551
7874
2481
8346
6059
2887
3955
12598
9391
7608
3794
7947
2502
8378
2919
8363
3968
12629
7971
7643
9395
8386
2531
2972
8387
3969
12632
7648
9419
8392
2999
2548
7988
3999
8398
7663
12655
9426
3034
8442
7990
4002
8404
2566
13097
7670
8452
3043
9442
4011
2577
7994
7672
8422
8466
13103
9446
3053
2581
4016
7996
7673
8484
13110
8562
3065
4047
2583
9455
7699
8010
13125
8586
8495
4059
3066
2587
9463
13131
7700
8591
8559
8014
2591
4067
3074
13134
9470
8563
8605
7712
8042
3086
4086
8583
2607
13139
9481
8650
4089
8047
8593
3099
2623
7716
9482
13159
8675
4091
8063
2666
7717
3101
8642
9483
13233
6999
8692
2689
7730
3110
13238
8905
8698
8068
7748
7018
8654
3143
8909
8709
13257
9500
7021
8075
7778
8915
8662
3801
3196
8713
13262
9517
8078
8665
7025
8926
7813
8717
3209
13277
3818
8680
7849
8934
9549
8095
7036
8721
3225
13284
8694
7866
3821
9560
8123
8935
13323
3234
7070
8728
9581
7867
8951
8720
3822
8133
3245
7090
8729
13330
7869
9602
8142
8734
7093
8970
3830
4112
13331
8776
9382
8145
9621
8973
8743
3837
7105
4113
13335
9650
8811
9389
8984
8150
7111
8744
3842
4122
13355
8826
9682
8151
9003
7113
8749
9408
4148
3849
8164
8827
13362
9718
9009
9411
8786
7114
8169
4163
3887
13374
9015
8830
9723
9415
8176
8789
7120
9032
13378
8838
3903
4171
9424
8188
7132
8796
9727
9033
13391
3912
8839
9477
7148
8233
4186
9728
8806
13415
9041
3913
8841
8250
4191
9733
7153
9487
13426
8810
9090
3928
4221
7156
8845
9738
9498
8251
13430
3953
8844
8874
9097
9499
4225
8254
7187
13440
9739
3956
8880
8881
8277
9139
4243
9505
3958
7197
13462
8883
9744
8297
9167
1777
9522
3964
4271
9188
7202
9756
13552
8298
1763
1804
4272
7224
9541
3966
9223
1771
8326
6063
13569
9544
1818
9243
7238
3974
4280
1776
13571
6075
9605
8337
9259
7247
3977
1850
1783
4286
6100
11673
5055
9266
7249
9607
1874
1784
3985
4314
6106
5060
9273
7256
11676
1885
4014
9620
1787
5082
4355
7261
6118
9298
11711
4019
1888
1793
9635
7267
5118
4357
11716
6125
9299
1892
1822
4022
7273
9638
5129
11731
1949
4360
9300
1838
6136
4039
9662
11732
7316
1955
4368
5133
9324
4050
9672
6173
13737
4388
7328
1962
9686
4068
5154
9327
13743
6182
4442
11753
1964
7330
9721
4077
5162
9328
6203
13746
4451
9737
11766
1979
7338
5164
6995
9340
6207
4452
9742
13750
1981
7342
11772
4495
6220
7027
5168
9749
9353
13754
1985
6236
4500
11785
7350
7050
5174
13761
6060
9356
4508
7051
11793
1990
7422
6239
6077
5182
4515
13769
9371
7066
2000
7454
6257
11829
6080
4523
5184
2774
13781
7084
6261
10189
2011
6083
2780
11839
5188
4533
7100
13785
6262
10217
2021
6090
11853
5198
2785
7115
4545
13790
6263
6096
11864
2023
10221
5199
13794
7124
6301
2817
4546
6097
11880
10222
2027
7134
5214
6119
13809
6305
2842
11882
4588
10240
5221
2031
6308
7138
2882
6129
13833
10311
4620
11936
5228
6134
2884
6323
2037
7140
13855
10317
11947
4623
7162
2898
6137
5277
6331
13868
2042
5533
11951
10324
7173
2931
6154
13878
6336
2064
5288
11986
10328
5538
7176
2978
13960
6165
10336
11993
5556
2068
5293
6343
7191
2979
6166
13961
10359
11999
5619
5327
7218
2084
2986
6349
6167
13980
10389
12032
5631
2989
5357
7232
2088
6188
6369
12050
14031
7258
10393
3004
2102
5372
6198
5660
431
7266
6399
2105
12077
10406
5376
3009
5669
6214
445
6413
7269
12080
2122
10415
6219
3040
5392
5675
7313
474
6232
6422
12096
2139
7327
5685
5409
485
3041
10481
6442
12099
6248
5727
7334
496
2173
10490
3044
12100
5415
3745
7346
6256
5734
10492
2180
3050
503
7352
12125
3750
2187
5453
5736
520
6260
10495
7362
3081
12143
2191
5454
553
3754
7371
5799
10500
3122
2213
6270
12155
585
7380
5479
5843
10524
3769
2220
3126
12159
6288
589
10529
7391
5852
5482
3788
3135
12162
2223
595
6295
3804
3141
10532
5861
6311
7408
12169
3259
2225
603
3811
3147
10569
5863
7411
6335
14040
3280
2226
10582
3816
5871
610
3189
7421
6347
14044
2230
3294
5879
3228
614
3817
10600
6350
7458
14064
4650
5899
3235
3311
10171
638
3820
6351
14066
4669
10601
4108
5925
3315
10184
14108
4684
660
3843
6378
3328
10612
4116
10201
5926
662
14120
4697
6393
3857
3333
4123
10219
674
10641
5962
14141
6412
4709
10229
4130
3340
3859
14143
6490
692
10253
3863
4723
5974
4172
3372
6423
6544
14164
10284
3880
5984
3391
4727
4187
14166
6429
10297
6549
3881
3430
4732
6039
4193
6555
1592
10302
3743
3891
700
4734
4202
3435
6049
3755
6561
1607
10316
705
3892
6594
4778
3763
1609
726
3442
8380
4218
10319
3907
3785
6605
1658
4782
749
3448
10321
3923
6613
8417
1666
4224
3802
762
4800
6661
3449
10332
3934
1669
3810
8426
4240
811
4806
6680
3471
3949
1683
10339
821
8438
4250
4807
3494
3826
6705
1711
3957
10350
823
4809
4291
8444
3495
6751
1722
3975
3840
8449
10360
841
4323
6763
4835
3506
1725
3981
851
8464
3858
10399
6766
4329
3517
4845
3984
1739
12666
3886
8465
10410
4352
6807
12684
4007
4862
1745
3521
8476
3908
10411
4407
6808
12693
4008
4876
3527
8518
1756
12694
10412
3914
4408
6824
4024
4883
8519
12697
3540
899
4433
3918
4911
10417
6830
8536
12701
4026
3567
4449
3927
4940
945
10420
4051
6883
12705
3586
8549
3045
968
3952
4947
12732
10449
3606
4076
6893
3970
8550
4948
3082
989
12765
3613
4098
10453
6908
3980
4952
8560
993
12782
3088
10467
3639
6986
6925
8561
4961
3990
12785
996
3103
6998
3670
8584
10470
4964
4023
12793
6935
1003
3675
10474
3127
4973
7010
8596
4048
6941
1007
12798
4974
10503
3676
8623
4073
7014
3140
1024
6958
5013
10512
12812
3716
8633
7011
3157
7015
10533
1078
6969
7469
12831
3727
8635
3192
10559
7022
1082
7017
7472
6980
12839
8655
3739
3198
7484
7029
8661
12872
6982
10563
1084
7026
10681
3206
7495
12880
10586
1088
9773
8683
10696
7035
7048
7509
12884
1152
10590
3244
8739
7052
9784
10697
12896
7071
7522
1159
8750
10596
10730
3257
9787
12931
7057
7524
1200
10629
7091
8752
7059
10755
9793
4102
6488
1206
7135
10585
8781
10781
7079
12944
9794
4107
7159
8791
6496
10783
7103
10592
9810
12946
1222
4126
8794
7217
10608
6503
10786
7109
9815
8799
13017
6538
7230
4147
10821
1223
10611
9825
8800
7161
13018
6550
10645
7234
4169
1250
9826
10829
13064
8831
6569
7184
6491
7239
4236
9829
1275
10838
8873
6572
13071
6500
7244
10841
1780
1293
7204
6595
9831
13082
4239
7250
10843
6509
1786
1312
6622
4251
13087
9834
10851
7254
6533
1326
6623
7255
1792
13090
9839
4254
10858
6539
15
7271
6627
7222
1795
12184
10861
4275
9842
26
6541
6636
7272
1813
7233
12188
10867
4296
7277
9861
1827
6642
48
12194
6542
10878
7253
4341
9895
7278
6654
49
1848
6563
10895
7279
4351
12226
9896
7288
58
6681
1856
7289
6568
4353
9902
10908
7290
12236
72
6710
1869
9919
7303
6579
4364
10921
7299
1900
12241
76
6770
6586
9945
7305
10951
4370
12252
1915
7300
83
6785
7319
9947
6590
10957
7301
1916
12260
4374
132
7322
6786
6601
9956
10972
1951
135
12274
7323
4380
6794
7307
9968
1956
6609
11009
4390
7325
12294
7336
182
6614
9993
1963
11025
4401
12303
6801
6633
7361
10002
189
2007
11026
7332
4403
6818
12328
10012
2008
6688
7366
190
11035
4411
7364
12330
6822
10014
2015
195
7368
4412
11051
12342
7372
203
6850
6689
10026
12371
2030
4417
7397
7383
215
6707
6879
10028
11059
12377
217
2075
4474
7396
6720
10034
7414
11065
6912
236
12404
4476
2121
6723
7441
6964
246
7410
10051
12405
11069
6975
6724
7449
4505
248
2126
7418
10077
11092
12408
6984
10172
4537
6744
271
7423
2131
10109
11115
10199
12434
9805
4581
299
6781
10177
11125
10117
12451
9821
2143
4587
10200
319
6813
11137
10183
12476
10121
2151
10260
9822
324
11157
4609
6816
12543
10198
10161
325
9828
2159
4612
11161
6817
12554
10208
2193
330
4619
9843
2259
6821
10265
1340
10225
12557
359
2202
5522
9844
10287
2280
6836
369
1341
12595
10227
5541
10288
2283
6858
9849
386
1393
2246
12599
5571
10235
10292
2295
9854
6859
1394
392
10236
2251
12625
2325
5578
9862
10298
6873
13614
1411
12630
10244
2257
6921
10330
13616
2329
9866
5586
1426
12644
4639
10335
10250
6940
9888
2332
13618
5597
4640
13158
6945
1434
9923
10258
10340
4664
13633
2339
5612
13168
6963
9929
10259
1442
4668
10372
5635
2350
13183
9764
13635
9935
10291
4674
1444
2365
10413
9776
5651
13200
13645
9944
1468
10294
4701
5662
10445
2375
9790
13212
13650
1485
9970
4713
10447
5693
13213
10337
2388
13684
9792
1509
4715
9997
10459
13234
10348
2440
5713
1518
10010
13699
9812
4718
13239
10476
1522
10353
2473
5716
10018
13707
13243
9814
4719
10494
1534
10020
2474
5724
10356
13708
13255
9824
1562
10508
10029
5731
4731
2514
9827
13259
13720
10357
10520
5743
1622
10031
4745
2605
9835
13721
13272
10384
10525
1644
5757
2608
4788
13723
10054
9848
13274
10575
10396
5770
1659
10057
13728
9853
2678
13293
10400
10067
4826
13741
9858
13305
2680
5777
10581
10093
9867
1660
10429
13747
2691
4841
13336
5785
9883
10110
10588
13757
13346
10438
1668
2703
9916
4843
5789
10595
10113
2725
13764
10460
9930
5796
1676
13351
10114
10598
4849
13795
2746
5818
10486
10005
13360
1692
10118
4866
5838
13808
10599
2749
13368
10515
10049
1704
10128
4953
13383
5860
8889
10539
13877
10613
10068
1707
5864
10141
8916
4971
13404
13927
10547
10633
5870
10075
1753
10142
4972
8953
13409
13929
10597
1337
906
10637
5873
10084
13414
4977
13939
10605
8966
10642
5874
1342
926
10085
13421
5011
13947
10609
8983
5891
6475
933
13438
1345
10119
5045
13987
9008
5911
10616
6476
13473
1363
946
7483
10129
9016
13998
5914
13484
10620
953
10130
6484
1364
7504
14001
5915
9028
13497
6479
6492
973
10146
1392
9053
5916
7518
13545
6494
14011
991
1423
9054
6504
10148
5920
7526
411
6556
13570
997
10162
1428
5971
7556
6529
9057
6592
13578
424
1448
6003
6543
1000
7558
1344
6616
13589
9140
430
1469
6546
1032
7572
6030
1347
6619
9146
456
13590
1477
9147
1349
1033
7587
11667
6647
6040
6553
479
1487
9172
1351
7595
11670
1052
6054
6662
9175
1493
6576
482
7598
11684
6056
1359
1503
1055
9183
567
6664
11686
7601
6580
8375
1431
1076
1514
586
11688
8376
6691
9227
6596
1451
7611
1516
1086
11690
622
6716
9230
6625
7612
8385
659
1550
1481
1089
11706
9233
6746
7619
671
1581
6630
8394
1501
11714
672
9250
6775
1092
1589
6652
8400
7621
1520
11784
9251
698
1093
6803
6660
1624
1535
11788
719
8431
7630
6673
9255
1120
6815
1574
1639
11791
747
8434
9276
7637
1129
6674
11803
6828
1652
770
1576
8446
7646
9281
1131
6675
6848
11804
773
1578
1655
8477
6698
9301
7655
1132
6868
11806
1583
783
1696
6703
8506
11812
6869
9345
1138
819
7681
6717
1610
1724
8538
11844
6878
9352
1149
824
1728
1614
11848
6884
828
1749
9361
6727
7682
11850
1617
8613
6730
856
6890
890
1156
11868
9375
7702
1621
8628
865
11897
6903
6738
1163
7739
894
1640
8644
2791
874
11908
6767
1167
6909
7741
930
1643
2809
8652
876
7750
11928
6768
1171
2845
8656
12660
11929
934
1695
6930
7758
1172
6792
2857
1186
6931
8669
12669
1701
941
7767
11939
6793
2859
1187
8697
6942
1702
952
12676
7768
11942
6835
1210
2865
9772
8718
12677
11944
1710
7783
6838
1217
956
2930
8747
12679
13459
11960
1715
2935
979
7794
8804
6843
1238
12686
12002
13469
1015
1716
7795
2939
1241
12702
6846
8864
12007
13505
7803
2952
1018
1253
1732
12721
6881
8868
12063
13509
2955
9977
1272
1035
12730
1734
1794
2958
6918
12081
13524
1044
10008
1747
1279
12734
1810
2987
1051
6934
12098
13531
1310
10030
898
12742
1815
1058
3018
1322
10041
12103
6948
1825
12764
1059
901
13539
3031
12160
10043
9774
12779
