3387
3390
3408
3415
3471
3480
5934
3489
9879
5943
3516
9889
5952
3521
9896
5977
3539
9929
5990
3542
9939
6042
3573
6985
4
9940
8396
9447
459
3584
9955
4467
8439
11
12422
7005
3613
499
9448
9957
8465
28
4468
12424
7025
3626
516
2745
9977
9454
4478
45
8490
529
12437
3628
9984
4481
9455
7036
532
9995
8511
2748
68
12445
3630
4483
537
7046
9467
8530
10007
8873
12452
3653
81
4496
7049
575
10012
8881
3675
9476
84
12495
8554
10016
4503
577
9510
3695
7064
8586
8890
100
12505
10018
4519
587
8589
3703
9520
12518
109
8949
4534
10023
7074
10644
8596
9528
596
12520
4591
8958
118
7104
10024
10666
9534
8654
8981
633
4594
12523
9543
7111
8660
10037
10671
641
8994
8666
5518
12543
9548
10042
10689
7118
643
8999
12546
10051
8682
10728
5529
7121
670
9559
9000
5534
8688
10731
9561
7131
10075
12547
673
9011
9581
5547
12560
10078
7150
8693
10755
9016
709
9590
5559
10079
7154
8709
716
12574
10802
9596
9026
5563
8750
7180
717
12588
10088
10895
9043
9598
727
8796
7188
5568
12615
10907
10100
9631
7190
759
8801
10933
5574
10117
12626
9650
795
7198
8844
9073
5580
10950
9658
10133
13064
7230
837
5600
9110
1824
10954
10136
9665
13074
7233
5624
838
1832
9119
1337
10966
9686
13090
7241
864
9131
5667
1847
1339
10976
9688
13119
7244
9153
872
1372
1886
9692
10994
5691
12646
7256
13150
1409
9166
9706
1926
5692
10995
7275
12661
9208
1424
13151
11014
9718
5713
7276
1931
12672
9211
1432
5717
13169
12683
1945
6055
11051
7279
1452
12713
5745
9239
13173
7290
11053
1956
6056
1457
12745
5774
9249
13200
2003
6065
1486
7308
11073
9277
5776
12793
13222
2016
6073
1528
11104
9307
7340
12805
5803
13226
2047
6086
1532
9319
12822
11108
13259
7366
5851
2072
6092
2835
11113
1546
13273
12825
7371
2095
5886
6095
12836
2837
13313
11158
7411
1558
2096
6097
5894
12839
2848
13314
11175
1596
7413
2105
6099
2853
5944
12871
2288
13323
1610
7414
2107
6100
2887
12880
5975
2299
6107
7425
2140
13341
1618
2913
6003
12912
2304
2152
10165
1621
6124
13351
2936
6019
2353
2163
1632
6027
6154
10170
2374
2938
2186
1668
6035
6168
2943
13359
6185
1678
8348
2198
2953
1689
6195
13368
8354
2391
2199
10186
2958
12921
1700
13375
2206
8377
6199
3002
2399
10187
1704
2221
8381
6209
13382
12928
2418
3023
10193
2227
13411
8390
12953
6267
2433
3073
10205
2236
8397
13434
12955
2434
3078
10209
2240
8412
1710
13448
2436
12967
10231
3096
13463
8427
897
2441
6271
12970
3100
10239
13498
8449
2448
6301
4616
909
3101
10247
13529
8451
6310
2469
3118
911
13540
4639
10249
2471
3137
6318
916
4663
11700
2508
10278
6322
936
3183
4701
11702
941
2517
10363
6345
12975
3189
11719
4712
2536
6358
953
10396
12982
8461
4736
11721
6395
13027
10398
2538
964
4760
6409
11723
8467
10441
2557
997
4765
13051
6418
8468
2562
10443
1009
4774
6430
12165
3191
4792
10513
1028
2598
6431
3202
10532
4799
12175
8479
1029
2613
3233
11756
10543
6437
12177
4803
1032
3237
2640
11769
6446
10550
1037
12184
4805
8505
3238
2644
11771
1054
10583
6448
4808
12197
3239
11779
1077
6465
8516
2654
6450
4844
12203
4128
1096
11811
3740
2679
12217
6490
4886
4178
1107
3743
8523
2687
11815
12219
4897
6536
4192
1137
3744
12220
2695
11819
6548
4907
3796
1158
4199
12223
11851
8527
2703
6561
4215
4929
3809
1162
12242
11878
2705
4216
4963
6575
8549
1178
12288
11891
2711
4228
4964
1184
6583
11907
12318
8899
4232
8552
4965
1193
11920
6586
8902
4968
12377
1201
4236
11938
6615
4970
1224
8561
4239
8903
11981
6633
1233
4334
4973
8906
11983
6650
1237
4359
8570
8923
4980
11994
6653
1253
4409
8927
6660
12004
5002
4412
8602
1271
8947
12390
12060
6662
5020
4414
1276
12394
8968
8604
12109
6698
1282
4448
5026
9007
12404
12146
6703
8609
1311
4462
12409
7442
9012
14013
1318
6712
12411
4537
9040
14015
8667
7443
6713
7
12418
7452
4538
14026
9067
6726
8712
12420
4570
21
9071
7457
6729
12500
14028
9109
7479
4581
22
12557
14035
6766
8714
7483
9111
24
4583
14074
6771
12594
7514
9115
14077
4589
12600
35
6796
8755
7516
9139
12610
4590
14112
6811
40
7525
9160
13084
5511
7527
8791
14127
6813
55
13115
9169
5548
14150
7539
6846
65
13130
8803
9171
14153
5576
7562
6847
82
9176
14185
5578
6848
7563
14188
9189
85
8807
6856
7592
5605
92
9216
14189
6873
5613
7599
8834
14198
98
9231
6884
7605
5614
9235
101
14211
6895
5638
7621
9260
138
8837
14218
5656
6903
7634
9262
143
6921
5658
14244
7635
9264
8858
152
6942
14258
5666
7658
9265
153
14283
5678
6943
7659
1748
9276
155
14306
6949
5703
7660
9279
159
5721
14316
1775
6956
9286
7667
167
9287
5728
7673
9798
14320
1787
168
9330
7674
5732
14336
9804
9339
188
7687
1792
2759
5749
9817
14342
193
7744
9821
194
2769
5756
14360
7793
1811
9826
199
5760
2781
14364
7820
9833
218
5771
2794
14379
1857
7826
9837
2799
14382
5804
229
7835
1919
9870
5807
2800
238
14426
7842
5809
9873
252
14477
2803
7845
1928
255
9886
5812
2807
14497
13132
9368
291
2812
5824
9891
9376
14503
13134
1955
294
9392
2814
5856
14511
13135
2826
9410
317
1961
5862
14519
9892
13147
334
9433
2836
5877
9898
14535
150
9444
339
2861
13163
1963
5880
9919
14547
13167
2868
9446
358
5884
13172
14558
9931
2904
366
5906
1965
9458
14571
13194
9938
370
2920
5921
13212
9489
9941
1970
14590
2946
403
13245
5923
9500
9946
14609
2954
13561
5928
9503
2043
13282
13573
5948
9507
9968
14629
2974
13284
9513
13603
2050
9969
14631
5963
2976
13327
9516
13614
14641
9976
5993
2979
9522
13618
2054
13356
10021
14643
3000
6007
13360
9538
13640
14651
10027
2064
13407
3007
9539
6011
13644
10030
14659
9546
3013
13415
6025
13650
10032
14669
13425
3063
9555
2068
8324
13661
10039
14680
13437
9574
3077
8332
14686
13670
10041
9604
2073
8337
3081
13450
14711
13693
10072
9606
3090
14727
13729
8341
13459
2085
10080
13734
9611
13462
3114
8346
14743
2086
10085
13468
9629
8365
13740
14767
3117
9648
13741
8372
10092
14776
3144
13488
10120
9652
2112
13743
8378
14778
13501
3145
1323
3165
9656
14786
13744
13534
8392
2119
13754
3170
14787
9657
8394
1330
13552
14796
13777
9681
3192
1371
8417
2124
11654
13782
14798
9682
1379
3222
8419
11668
14832
13797
9687
2141
1398
4084
8441
13804
14834
9691
4093
8444
1410
2145
13832
14851
9693
4095
8571
1437
13865
14872
181
9694
4109
2158
8599
14886
1448
13919
9697
4116
196
8629
14909
13925
1504
9699
4166
2159
202
8630
14920
9723
13929
1506
4168
9725
14922
205
4179
8646
13966
11675
1524
2162
230
9730
8659
13967
4240
14948
1551
11704
9737
8690
239
4248
13981
14958
11739
9740
1564
2184
8727
245
4249
11748
13992
14959
8762
6062
1577
11757
266
11184
13996
4261
2195
6101
8822
1587
11758
267
4277
13999
11210
1636
6104
8849
11814
276
406
1637
4282
6117
11220
2208
1758
279
11826
433
4303
6127
1656
11230
1781
11842
2224
6156
288
462
11251
4311
1677
1789
11849
497
297
4312
6164
1795
11256
11889
1681
2230
511
6173
321
11261
4319
1728
1796
6177
333
526
4321
1740
11923
1805
4622
6178
336
11263
533
1818
11925
6194
4323
4631
899
343
11929
11279
570
1820
4355
6229
357
929
4662
11284
11961
1823
602
4365
6251
11287
385
930
3812
11974
612
1830
6263
4371
940
387
11323
1834
6274
3817
11988
4669
4424
948
621
11331
1838
6309
11995
4439
4687
956
396
1858
631
6352
11357
3848
4444
12000
959
1907
648
399
12022
4690
976
11373
4449
1908
3866
13566
6355
652
4453
985
11395
1921
13575
6356
3901
4691
667
1004
11407
1930
4471
13599
6369
1017
3905
1932
11414
693
4477
13607
6376
1954
11450
1027
699
3909
4491
6427
13621
2006
11472
4698
12066
6442
1039
4494
704
2031
3915
13626
11480
1057
12070
713
4759
6443
3916
13627
4509
11487
1059
725
11492
12079
3924
4516
13631
6454
1060
4783
731
2037
4520
13641
3728
12111
11493
3928
1065
733
3731
2056
11496
4553
1093
12133
13643
3931
4786
3733
768
12144
2058
1099
4566
11503
3749
13658
3970
775
12150
2063
1111
3752
11531
4586
2078
3990
13679
789
14025
4797
1119
11598
3766
4608
2094
796
4015
14030
13698
1124
11600
5519
3781
826
2106
4806
14038
4026
11613
3799
13723
1129
831
5526
2117
14049
3807
1169
11623
4062
852
13725
2121
5550
14072
4807
1187
3830
11627
4068
853
14093
13726
5556
2135
1190
3849
4811
7903
4076
13735
14101
860
3855
5560
1202
2166
7917
863
13763
6984
14102
1207
5591
3867
4812
2169
6998
879
13812
7922
14113
3869
5627
1214
12639
14125
2181
3880
13826
7933
7001
4830
5630
12664
1227
2197
13843
14149
3884
7015
7952
12712
1249
2201
4831
5634
14155
7038
1259
13849
3904
2235
12714
5637
7954
14181
7044
3917
13855
1289
5640
7980
14186
4621
12729
4832
3921
7054
13874
4649
7982
1295
5650
3925
13887
4657
5661
1306
7988
7056
4847
3943
13888
5684
1308
8018
4667
7059
3955
5701
13902
1314
7101
8027
4674
3960
4869
5734
14222
13924
1321
7108
8032
4694
5750
3973
14242
13936
7129
1
8058
4877
3975
4710
5757
13945
5
14247
4732
7139
3996
8072
13972
5766
14263
14
4735
7147
8076
4882
5782
4004
14301
13995
4739
18
8099
7152
14305
5810
4012
4883
423
4745
20
8109
7156
5813
14319
4014
8131
443
29
4750
5830
4884
7178
14339
8144
447
4029
4781
5837
34
14362
8173
7191
454
4036
4788
5878
8187
56
4892
4040
14370
7197
4798
465
60
8203
5890
4041
14385
4802
7213
62
466
8243
4903
4042
5969
14389
88
7227
477
4804
4056
8283
4906
6016
89
14411
490
4058
7242
4815
4915
8288
6021
14417
500
90
4821
6028
4921
7263
8307
4078
99
536
14438
6041
4826
4923
7277
4079
5040
14452
124
551
8352
4859
4933
7291
14463
4081
142
582
5048
8387
4951
4861
6994
14491
7321
170
611
4979
4905
8388
5057
7345
197
7062
14501
649
4982
8469
5058
4926
211
7384
14518
7067
738
4985
4984
212
8484
7398
5086
14543
7070
5000
4986
743
8513
5094
7076
249
7407
14553
751
4989
5008
8515
7084
5100
7409
250
753
4990
14566
5017
8536
7137
5112
261
7422
772
4991
8546
14575
7460
7142
5131
274
4999
7437
14585
784
8616
7149
7470
5186
289
5001
10157
8628
7161
7496
786
14616
303
8658
10173
5203
7168
5006
14618
7511
308
802
5208
10192
8668
7219
5011
7526
14619
806
311
7293
5220
10211
5013
8681
813
7315
14638
5223
331
8685
10214
5014
7336
814
344
5226
10223
8697
7349
353
816
5027
10238
8701
7360
5034
820
362
8713
5250
5035
7363
10240
839
8738
368
7401
5340
866
5036
10258
8746
372
5344
7408
888
7448
10267
8749
379
7429
5349
7468
8752
10282
12644
393
7434
5369
8772
7476
12645
10297
10164
400
5374
7485
12662
8784
10303
5385
10210
8787
7505
12669
402
10222
10306
5401
8795
7548
12697
10232
5413
8825
10308
7572
12701
13567
10243
8848
5433
12705
10326
7582
10251
5435
12708
1778
7638
10283
10340
14645
13568
12716
1800
5443
10287
10344
7666
14650
10291
12720
7670
1859
10356
5458
14664
13570
10302
12724
5482
7693
14677
10365
1874
10341
3244
12760
7715
14681
10374
13571
1889
10343
3270
7745
12785
10380
14683
1890
10405
12819
13578
3275
10385
7748
14690
1895
10413
13584
10400
12834
7757
3276
1905
14695
7542
10417
13594
12883
7772
10410
14704
3277
1918
7564
7780
10414
10420
13604
12900
1923
3298
14705
10434
7566
7789
13611
10496
12902
14717
1982
10438
3344
7575
7803
13613
10507
12939
14724
1990
3362
10465
7579
7813
10508
14746
12950
13630
2026
10468
3370
7817
7600
10519
14754
12964
13662
2035
3376
10475
7818
7604
12981
14769
13668
10495
3381
7623
7828
2042
13011
13672
9363
14772
3393
2069
10500
7650
9370
14779
13028
10503
2077
13686
3394
7656
9375
10521
2103
3396
13032
7657
13689
14782
10535
9381
2137
3416
7668
13033
10549
9402
14801
2142
13700
3418
7706
9415
13043
2156
10570
3422
14807
13737
7708
9421
13046
3431
14809
10579
2203
13749
9422
10525
13058
7718
2229
10592
14811
13759
3439
9431
12157
2232
10603
7720
14821
10526
13774
3475
12181
4619
9435
7727
10528
14839
10611
3492
12190
9438
13787
14866
10531
4636
6470
7729
3510
9441
13811
12191
4655
7731
10544
14913
6512
3555
13819
9474
10547
4665
6551
7737
12193
14932
9502
13823
3556
10555
12194
7746
4672
14960
6581
9515
13827
4692
10581
7774
3566
12211
9519
6599
11179
7814
4705
10609
13836
6605
12231
9532
11182
3569
7823
10613
4720
12235
13839
6618
11191
9535
3577
7829
4725
12246
10615
13847
9366
6621
9536
11200
3585
13862
6464
12262
4726
9544
6629
9379
12265
4730
11239
6466
3603
13870
6635
9549
9387
12292
4785
11265
6471
3605
13905
6639
9398
4787
9572
12294
13920
6483
3624
11267
6642
4800
9409
6514
3633
13926
9573
6676
12299
9416
4820
11273
6516
3639
9417
6688
13935
9577
12308
11282
4837
6524
9426
6724
13951
3642
12357
9605
4839
6542
9430
13961
12369
6727
3643
11296
4875
9607
9468
12374
13964
6550
9619
11325
6745
9475
13974
4878
6559
9634
3650
11337
9484
6775
12381
6562
4881
9639
3666
11356
9490
12384
429
6783
9645
4894
6569
12391
9497
11403
6793
437
3677
9666
6571
12393
4913
11411
9498
6807
449
3684
9672
12427
4935
6572
11428
9533
3702
460
6821
9698
6573
4966
9541
11433
9708
12436
469
3714
4974
6582
9552
6864
11436
9734
4975
3717
470
12461
9560
6875
11457
4978
6590
9736
12471
473
10623
9565
6879
11458
6601
4993
480
9568
12481
11469
9739
6906
10628
6602
5009
9579
11482
12508
484
6922
10631
6087
6610
9585
11488
5016
12509
6094
489
10645
6934
6612
11497
7445
12519
6112
495
6958
11505
10675
6632
7450
6131
9594
12522
10683
11509
498
9748
7462
6634
12535
10695
9597
513
11521
6137
9749
7475
6667
9600
12540
10727
521
11540
6141
9767
6669
7484
9609
12566
541
10751
11541
6147
7507
9780
9622
12584
6671
561
11572
10754
6148
9641
7509
573
9794
11575
12586
6677
9649
10771
7510
6161
12730
574
12587
6699
9655
9801
11578
7517
6179
10786
12613
6045
6721
576
12734
9845
6184
11593
7536
10805
12619
6058
9849
6737
601
7543
10808
6224
11594
12747
6063
12630
608
6739
9872
7551
12772
10816
6069
13082
6741
6252
11596
7585
617
12790
9906
10817
6089
13100
6742
11603
7587
6262
12791
6098
13131
625
10826
9918
11608
7609
6746
6105
6264
12792
626
10827
9930
13137
7611
11631
6116
6748
12798
9982
10840
6270
13141
665
11635
7629
12812
6128
6278
6772
9988
10862
13144
668
7642
7882
12830
6282
6140
9997
6779
10866
7885
13157
680
7647
6155
12882
6784
6284
10868
10040
7886
7676
13160
6192
12888
682
6794
10870
6286
7908
10043
7677
6193
13168
12894
714
10881
6804
6290
7956
7685
10050
13174
12913
6205
6303
7960
6825
10916
7701
765
13264
12915
10055
6312
6268
10927
6838
777
13269
7703
12920
10060
6287
780
10939
13272
6841
7716
10111
12923
6314
6299
10940
13278
788
6861
7722
10112
12946
13281
6340
7735
10965
6323
6876
799
12984
10128
7965
800
13317
6888
10975
7739
10141
6328
6341
12989
8015
805
13337
11006
6900
8033
10142
7741
6337
13340
12990
809
11010
10143
7742
6342
8049
6338
6907
13000
13342
834
1326
11022
7775
8065
6911
6385
13010
6359
13366
859
11026
7779
6917
8089
1341
6392
6378
13367
13023
11110
6932
7809
868
6419
1352
8126
13049
6380
6938
13370
1363
11126
12648
7825
12161
6421
8130
9756
6389
13377
1374
11146
12167
7834
6432
12654
8204
6399
13457
1404
9762
7838
11161
8206
12656
12173
6436
13484
1445
9785
6405
7844
8210
12180
2253
12680
6449
13493
6425
9788
1462
7858
8220
12185
6457
13530
2258
12693
1464
9797
6428
8239
9367
3774
2265
12195
1465
6433
12740
13543
9828
3798
8257
9369
2277
12216
9832
13559
9380
1471
6441
8262
12750
3813
2280
11673
9844
1479
12218
3825
9383
8282
12751
2295
11694
1488
6445
12241
8284
9846
11695
2298
3828
12756
9386
1489
12243
8293
11724
9861
2306
3837
12758
9388
3755
1531
12267
8296
11741
9865
2318
9395
3851
12761
8310
12315
9894
1539
11788
2323
3857
9405
3758
12322
8314
1543
12815
11809
9899
2344
1559
3861
12824
9429
11829
9908
12334
8317
1573
2359
9432
3767
12337
9934
12858
3874
5045
11833
1582
2390
12350
9948
9451
3886
3779
11837
12860
5052
1586
12367
2406
9950
9477
11850
3894
12865
12372
1588
5053
2432
9953
11852
3908
3783
1604
9483
12875
12398
5079
9956
2450
3923
9493
11855
1629
12884
12402
5082
3787
9964
2453
3926
11868
1644
9501
12896
5109
12413
3929
2458
10005
11879
9509
1652
12910
5139
12430
3815
2478
9530
12935
10033
11883
3945
1662
2492
5153
12433
3949
9551
10056
11890
1664
12951
3816
2498
12455
5155
9553
11902
3957
1670
10063
12457
12957
5159
2514
3819
9554
3978
10102
1720
12960
11912
12462
3979
5161
2522
9562
10103
12963
1744
11930
5216
3982
12463
3836
2525
10104
12974
11942
9564
892
4005
5218
12491
11949
13002
9592
10122
2566
5268
4033
907
12496
11950
3839
9601
5273
13003
10127
4049
2596
914
12497
11965
10137
9615
4054
13004
5275
920
2600
3846
12503
1325
11989
9623
13015
5303
4083
945
2619
12524
12039
3859
1344
13024
958
5306
9625
6976
2623
12049
12536
967
13026
1356
3863
2643
5313
6979
9638
12055
983
12570
13030
1368
2652
6983
9642
12098
12598
5316
988
13048
1370
7002
2655
3868
1000
9653
12106
5319
13056
12611
7013
1376
2681
1036
12624
7029
3878
9663
1378
13061
5347
12112
2699
13077
7035
1040
1381
5355
9669
2706
12189
12114
3883
7063
13079
1042
5363
12132
1391
12199
9673
2722
13083
7081
1047
3889
1407
5381
1049
7083
12137
9678
2743
12225
1415
13105
3899
1074
14012
5384
9695
2744
1428
7134
12236
13110
9727
1084
3913
14041
1434
7159
8875
12270
5402
13120
9732
1095
14067
1467
12272
5412
8900
7164
6046
13123
1101
14135
3914
1490
8930
12281
5419
7203
1122
6050
8943
1495
14164
13152
7234
5423
12314
6052
1131
1496
3920
12325
8951
14165
13171
5476
7245
1139
6075
1523
8953
13179
14182
12354
7325
1149
5486
1527
6085
14191
8977
13196
3927
3258
12395
7326
1155
6108
1568
8980
14195
13216
12399
3273
1160
7347
3972
6119
1576
14254
8992
13231
12406
1163
3274
7361
9001
14255
3980
6122
12448
1627
13235
7374
1175
3279
9032
14257
12476
6135
1648
13240
7376
1177
14318
3328
4001
9038
12485
13248
1655
6146
7386
1182
14333
12488
9058
1661
13253
1208
3332
6152
7430
14335
1697
9060
12512
4002
13291
1209
7433
3351
6158
14373
12530
9074
1721
7438
13296
6162
1220
14374
3355
12544
9106
4013
10163
1221
13311
14375
1734
6181
3357
12552
9185
10174
891
4022
14397
1228
13312
6202
3359
12554
10188
922
9193
14414
1234
13322
925
3372
6226
10255
14448
1239
4047
12583
9196
13328
6242
933
3379
14464
10320
9316
12595
13329
1273
6248
981
14471
3386
10321
9318
12597
4050
992
1280
13339
14486
6302
10323
3392
9331
993
12623
10331
1293
13346
14487
4064
1008
13099
10352
6316
14513
1298
1015
2777
13125
14526
10354
1044
19
6324
13350
14554
13165
10375
1055
2792
27
14563
1062
13185
10409
44
1071
6357
14579
2806
13187
10448
67
13362
1073
14589
13191
71
10466
6371
2833
14597
1094
13220
10482
80
13403
14606
13236
1106
10487
6379
87
2866
13276
4071
1109
14614
10499
93
1113
13414
13290
14675
6382
2882
10504
1115
110
13303
14689
6978
10511
13417
14692
13334
1152
131
6387
2883
10520
14722
13369
6982
139
1154
13442
10527
13378
14731
6417
1172
148
6986
14741
13401
10545
13451
177
1188
14757
10551
192
7043
1226
14762
13404
10554
6420
13471
14771
1257
207
10556
1263
7055
13420
219
14775
6444
1274
13480
13426
10568
14777
220
1278
6452
10594
7105
231
2900
13427
14820
1288
6453
10598
13430
237
14844
2903
1294
13506
10605
7133
13452
241
3741
14854
10607
13523
243
13539
3761
1301
2914
7148
13526
14860
10620
253
13547
1312
14862
10621
3790
2915
273
13550
6
7167
6469
14896
286
13555
16
11641
2924
14899
6486
296
11646
3797
23
14910
302
6489
36
11642
11651
2940
3803
14917
7171
57
307
11655
2955
69
6491
11684
14946
340
11660
3811
14953
74
354
6494
7172
11669
11233
2961
3820
11697
371
6500
11731
75
11243
7175
6507
11752
11253
11732
405
3822
102
2978
6509
11759
13579
11271
7181
108
11767
13586
6511
11298
120
2989
11797
3834
13590
7193
130
6518
11312
11798
11795
13598
3852
157
6521
11799
3006
7202
11321
13628
11803
11823
6531
175
11327
13635
3882
3008
11835
11900
6558
180
7205
13639
11836
11335
3404
13691
3932
6594
183
11944
3009
11338
11843
3420
6619
13699
11347
221
7207
11853
3946
3427
11956
6625
3016
11349
13705
3430
265
11856
11966
3947
3040
13755
6641
7247
11351
11986
3956
3446
281
11881
6647
13764
3075
12008
11355
290
7273
11939
3984
3447
13765
3080
11360
6654
12020
301
3985
11941
3450
7303
13768
6710
12030
11369
3088
318
3456
3997
11947
13830
3097
6715
11371
12046
3461
7319
4011
345
13858
12010
11382
6719
4017
12056
3122
375
13880
12012
7323
4018
11392
6723
12059
3132
381
13886
11393
12015
12072
4019
6733
3143
7327
11423
390
13946
12034
4027
12115
6734
3159
13636
11429
13950
7341
12051
6736
4063
12116
3225
13646
11431
13952
12064
6755
12139
4089
4069
3463
12085
11477
13652
7377
12141
13959
4103
6760
6988
12086
13683
3465
11507
14052
13979
6809
4111
13692
7383
7012
12091
13985
3500
11510
14055
6824
13696
4122
3520
7019
14058
6829
11525
14001
12102
7399
13701
4158
3522
6836
7021
409
12108
11545
14096
4162
6840
3525
13702
7410
7024
11553
412
12117
14118
4163
6870
13703
426
3540
11560
7045
12119
14137
6886
13711
3563
4183
7079
442
7412
11582
12126
6899
13732
444
14151
4203
11599
3606
7080
12148
7415
6913
491
13753
7100
14161
3608
4244
7871
6919
14050
494
7115
13767
14196
4273
7904
3609
6926
7417
504
13778
14200
14057
3618
7911
7132
4304
505
6939
13788
3634
7912
14065
7419
7136
14210
4314
13802
7951
508
3647
6953
14068
13807
7146
14266
7955
3661
512
6954
4316
7427
14078
13808
7964
14268
7151
3667
4328
531
13821
14088
9753
7987
14275
7160
4332
3693
10168
538
14106
9776
8017
13910
14276
554
4376
8043
7176
3697
13913
14145
9789
14284
10179
8067
13922
568
9851
7182
4388
3701
14322
14152
8090
7185
581
4405
13933
10200
9866
14162
14324
3706
590
13938
8107
7201
14326
14176
4419
3715
9871
615
10233
8114
13949
14192
7208
14359
4420
10627
9880
616
7209
8120
10234
14194
13953
14368
10630
4440
623
8122
9882
13969
14197
7250
636
14427
4456
8152
9888
10632
10260
13970
14212
7264
639
9895
10638
14442
8155
4480
13973
14223
7297
694
9902
14465
10642
8160
13991
7299
10277
4513
14241
9903
701
10662
8167
14466
14000
7306
4539
9905
8177
10677
14478
729
14248
410
10280
7313
9907
14495
8188
4547
10688
730
14278
9920
14505
10714
421
7351
8189
764
4559
14299
9922
14514
10723
10299
7356
432
14302
4569
8205
808
14515
9923
457
10746
7358
8212
10304
4575
14350
815
14524
9980
7364
14358
458
10747
5504
822
8231
14529
14395
507
8241
9987
5553
10788
10346
7370
835
14541
14401
14544
8261
509
7381
10793
846
9999
14407
5582
14550
519
848
10001
14412
8272
10351
7389
5585
10795
867
10003
534
14586
14420
8300
5633
10800
887
7394
10384
14605
10015
10824
545
5651
8309
14429
12632
7395
549
10829
14613
5654
10017
7402
5046
14439
12637
10395
557
7416
5078
10842
10035
12641
14622
5660
14453
579
5108
7426
14623
10850
14455
10038
5729
12702
605
10404
5118
7435
14474
14624
12710
10048
10867
5764
620
5127
7439
14625
14476
12719
10069
624
10874
5787
10411
5140
10150
10071
14492
12735
629
10905
14627
5788
14494
10074
5160
10152
12737
10918
14635
632
5798
10435
5193
14517
14688
10937
12754
10076
10162
5800
646
12800
5195
14701
14520
10195
10439
10081
656
10945
5843
14763
12807
10216
5249
14528
10121
657
5850
10999
14804
12811
5260
10442
10124
10224
14536
11008
5871
658
14815
12818
1365
5269
14574
10259
11039
14841
5901
666
10461
10263
12838
11050
5281
1367
14869
14633
675
12841
5925
14916
10273
1375
10462
11059
5288
14642
12843
686
5964
10285
14923
1386
11081
5302
5982
14668
695
12856
1396
10315
14937
11109
14670
5342
5999
12863
696
10481
1408
5400
10339
14947
6008
11111
734
14716
12870
10353
5407
10514
1411
740
14732
11123
11183
6009
1416
10355
12872
5420
14739
11192
7342
11133
10538
6029
5432
10357
1453
12873
14750
7359
11195
11145
5446
6030
10391
10539
1482
12876
14766
7387
11147
11204
5453
1487
12895
10419
8366
14768
11218
11148
1491
5460
12897
7406
10553
14805
10421
11153
8370
11223
5465
12905
1498
11157
7424
11224
10428
10587
14824
8375
1512
5479
12906
11169
11228
10431
10167
1519
14836
12908
8430
2254
3253
1534
11262
12925
14843
6458
10432
10181
3254
8436
2278
1540
11276
10464
3256
10197
14845
12926
8455
6495
2324
1544
10479
10203
14858
11280
12932
3280
8462
2327
1545
12944
10490
10215
11303
2340
3292
14876
8464
1555
6502
11307
10493
12945
3307
2361
10246
14878
8474
1571
12966
2373
10518
11333
6503
3334
14879
10257
8557
1578
12986
10530
3350
11359
2393
10270
14893
8564
6535
10533
13009
3352
1581
2444
11362
14911
8567
10281
3397
1167
13020
14734
8577
2445
10284
11364
14915
3409
6549
13035
1174
14773
8584
14924
11366
10310
2462
3435
14783
13047
1192
8608
11374
6584
2464
10329
14926
13050
3443
14797
1213
8652
11384
14954
2480
10342
3477
12156
1218
14812
11388
6587
8664
3485
2506
12163
14964
10379
1236
14838
11410
3493
8675
10382
6595
2510
1292
11187
12201
14853
3543
11447
8687
10386
2520
12224
1296
14859
11190
11483
3548
8705
14863
12233
10446
6622
2530
1305
11203
3572
8718
11495
14903
12252
1310
10450
11213
3619
11501
2555
10483
14919
6652
12261
8737
11219
3620
14927
11515
2571
10498
3
12269
8740
10534
2581
3638
6666
11197
11519
11257
12279
9
8743
11269
11524
10542
11234
2625
3656
12
6686
8751
12289
11533
11246
10561
2648
17
3663
8756
11534
3971
12305
10566
6695
11255
2662
8806
12326
3976
10612
3682
11573
11266
6720
2666
8818
3987
11579
3683
6462
11289
12331
41
2672
3993
8824
3707
11597
12339
11300
6782
6477
3719
47
2692
3994
11602
12363
61
10633
11309
6481
2694
11618
8828
4024
12366
6786
11313
63
2701
10639
11639
6482
11317
4045
1786
10647
12376
7867
64
2707
6496
11332
4053
1831
12401
10692
7875
11339
2708
73
1839
6498
4055
7879
10734
11350
6788
12435
2715
77
6515
1840
11383
4066
12444
10737
7889
79
2720
6544
10740
7899
1841
6803
12453
4077
106
6554
2737
11396
7910
10741
6969
1846
12468
6566
2741
111
11421
6844
7940
10759
6577
6970
12472
1869
117
2747
7942
11424
12487
6872
10764
6627
125
8892
6972
1884
7943
11445
6630
12514
10782
11468
8912
6885
6987
134
7950
1888
10833
12539
11474
6651
7969
6989
8915
146
6941
12582
10860
1891
11491
6655
8003
151
7014
8924
10864
1897
12612
11500
6656
154
7016
8048
6965
13066
10878
6674
8932
11514
1898
7020
173
13069
8053
11529
6678
10889
1909
191
8978
7023
13086
8056
9760
11539
6692
7031
10896
9064
201
13093
1911
6705
8078
11549
10925
9066
7037
13106
206
11556
6709
1917
8102
9763
10977
7040
9068
13136
232
8104
11557
10981
6725
8340
9069
7050
13146
233
6731
11581
7051
8128
9769
13190
11001
8373
9083
244
6757
11605
13210
7058
8383
11016
8141
9107
256
6762
11610
13218
9772
8145
11038
7078
8393
258
9117
13237
6763
11612
8149
11043
7092
9125
8398
6774
262
13261
9778
8157
11616
7094
11048
13266
6798
8422
263
7098
8172
11617
9781
11071
275
13277
6823
8433
11630
7103
11078
8181
6831
8454
293
13280
7891
9782
7112
8184
11079
6880
8472
305
13326
7905
9130
7119
11080
328
8186
6883
8508
13331
9162
7930
9790
11093
7125
8190
337
8510
13406
9182
9744
7931
13421
11099
7128
8234
7934
365
9190
8519
9800
9766
11106
7153
13424
8249
7945
9784
9229
367
8556
11112
7974
8255
7177
373
9236
13469
9831
11135
8559
9840
8266
8002
7239
398
9297
9852
2259
8270
13474
8580
8011
7246
13582
9854
13477
9862
2264
9305
8037
7252
8591
13592
8275
9881
13485
9314
2285
13623
9856
7284
8039
13514
8594
8290
9887
9342
2372
7294
13634
5065
9901
8613
8054
9860
13520
2386
9360
7296
5067
13642
8075
8625
9917
13546
2396
2790
7311
5073
8639
13654
8079
9933
9874
11643
2398
7357
2791
8684
8094
5081
9947
13659
2407
2798
11664
8153
7367
5091
9962
8689
2811
9885
11678
13669
2422
8164
7368
5122
2831
9963
13707
2437
11713
8692
7380
5128
8169
2856
9893
2455
13716
11737
9971
5129
7391
8728
8180
2864
2484
11744
9943
9975
13720
7397
8191
5145
8774
2513
2873
13742
8198
5150
11746
9996
7418
2515
8790
13747
2879
5165
9954
11751
8201
2528
10002
7421
5191
13770
2891
8797
8207
11763
2534
10151
10004
8799
5207
11766
9973
2901
8209
13798
2539
8845
5221
10158
10011
11785
13810
8219
2928
2559
5227
10159
10047
8859
9985
13814
8242
11786
10183
2956
2583
10064
1747
5248
13840
11792
10184
10065
2960
8245
5285
10022
2584
1797
13859
11793
8250
10190
10066
2994
5301
13871
2589
1813
11801
8252
2609
13876
10025
10068
5312
3011
8254
11812
1849
10208
10073
2614
8265
13899
5318
3017
11817
10029
1852
2684
10101
10220
8295
5326
11822
13918
3030
2725
10147
8299
10226
1867
10046
3048
13937
5337
2749
11840
10229
3055
8867
5380
8302
1876
1346
13942
11846
10250
8872
10057
3079
1881
5049
5382
11869
1348
10254
13956
8909
3130
5055
11872
10262
1351
1914
5394
13963
10059
8921
5070
3135
11873
5397
1360
10266
1946
13977
3157
11940
5075
8944
5411
3158
1362
10295
10077
13983
1952
8964
5089
5440
11969
10300
1959
3163
1382
13986
8984
1390
5452
13989
5101
1983
10318
10082
3178
1393
8987
11990
10319
408
5454
5104
3185
1985
8995
1401
416
5491
10109
10322
3186
5106
2001
9003
1427
10324
5121
12002
3242
3195
436
10113
2044
1430
9024
5133
10328
448
3251
3197
2045
1454
10130
9030
12019
10332
3205
5143
461
3262
2046
1455
3213
9051
5156
10335
2070
463
3265
10134
1469
9076
5157
3226
12033
2076
467
10359
1470
3283
4105
5167
9077
1474
478
2110
10135
10360
5170
12035
3288
4113
9089
2129
1475
488
10362
5180
10811
3290
9094
2153
4125
493
10364
1481
10140
10822
3300
5194
9096
4139
502
1516
2155
10372
3311
5210
10849
9104
1520
10401
2157
518
10146
4150
3318
5243
10865
9175
2170
4211
546
1533
10407
3323
5256
9177
10899
547
1361
4230
1549
3326
2171
5257
10408
571
9180
4245
10909
1550
10427
2196
3345
5282
1387
1552
10919
594
9184
4251
10449
3354
2228
600
5336
1575
9204
4263
10938
1392
3380
10454
5338
2245
606
4287
1584
9219
10962
3383
5343
10457
4629
647
10991
1395
4293
3400
1590
9238
5350
10470
4633
655
3428
9288
10998
1594
5368
4302
10474
4646
683
3459
9289
11019
1436
1622
5396
4306
10491
689
3468
4660
1626
11031
5404
9294
10505
4308
697
1441
9298
1639
11035
3476
5415
4661
10591
4310
703
5418
11037
9348
1640
3481
10595
4666
4342
708
1444
3506
1665
9358
5426
11044
10602
4688
3517
745
1675
12549
2780
11117
4777
5429
10604
1450
778
1589
1682
4796
11122
2821
12561
6485
5431
1688
2822
11132
804
1593
4813
12565
6492
1699
1502
5445
2827
12622
11136
4818
818
1595
1708
6497
5450
11144
1709
4836
2898
13076
6504
832
1599
5461
1510
11154
1714
6510
2902
13117
4851
11159
840
3261
1607
6520
2944
1718
2281
842
4862
1517
3269
1628
13126
2948
2314
1722
6538
858
4863
3291
2977
1638
2322
13143
6541
1529
902
882
1641
4872
3296
13148
3043
2329
6557
906
1685
885
3301
2331
1537
4885
11470
13155
6588
12647
910
1703
3304
4887
6591
11473
2349
13205
12665
912
1554
1727
3314
4901
6592
2400
12678
1729
13215
11475
3341
915
4908
2416
1561
1735
12691
6613
3343
918
13224
11486
4910
2421
12717
1741
6643
934
11527
3374
13230
4916
2467
12722
961
6668
11542
913
13234
3378
4922
12743
2470
969
11544
6679
917
4941
3384
13238
12770
2491
973
6702
11546
4959
921
13255
2493
3388
12775
6761
975
11547
926
4977
2502
12799
3389
984
6767
11548
935
12803
11554
2549
3391
1002
6816
937
4994
3421
11567
2554
1018
6828
938
12813
3424
11571
4998
1034
2567
947
3434
5005
13257
1041
12832
955
11583
6833
2569
3437
5007
1050
12844
962
2576
11606
6866
3448
1052
5019
12848
2582
6869
11611
3469
1098
12853
5021
2593
3483
6881
1100
5023
11614
12874
6889
3486
7447
965
1102
2605
11633
12885
6891
7456
3487
970
1136
12890
2607
7458
7880
6894
3513
2617
7459
980
12904
1141
6927
7893
13285
3527
7467
986
2618
1168
13287
3537
6936
7915
2629
1006
7469
3538
1170
6944
13292
1011
12919
7939
1171
2631
7480
3545
13294
6950
1014
12942
1189
2634
7941
3549
7495
13315
12948
1043
6952
1231
13352
7962
2635
1045
12958
7520
9770
3553
7966
1242
12983
2639
1053
3559
9779
2647
7979
1250
3571
1067
2671
1258
7994
1089
3578
2675
1261
8091
13355
2689
3580
1268
7557
12995
3587
9783
13387
3594
7559
13399
3596
12999
1118
13016
7568
9787
3611
1270
2693
9814
1135
8163
3614
3637
13405
1138
2700
8171
1297
3641
2704
13017
8178
13422
1147
7595
32
3652
8883
8192
1164
9818
7618
13441
13039
3665
38
8894
8202
7624
3696
13044
9822
50
7661
3699
9827
12166
94
7669
9850
3710
12170
1173
9855
7689
3721
8910
8208
12171
7700
9890
3725
1179
13449
8228
10626
12172
7705
1243
8934
9909
116
12174
13465
7725
10652
8247
9913
8940
1246
7751
13473
12183
10691
119
9935
8274
8957
1251
12187
10729
8277
7758
8963
13509
9991
1272
133
10730
12206
13521
8969
8281
7771
9993
1275
156
10733
8983
12237
8287
13544
7778
10014
158
1287
10749
12245
8989
8298
13551
10020
7794
160
10750
1299
12274
8315
10036
7806
9022
11648
169
10762
1302
5047
12358
7811
11686
9033
10058
174
10797
1313
5050
10812
12360
178
9034
11687
7819
33
5051
12386
9041
10830
11696
7859
204
46
5068
9365
9044
11703
10841
210
12388
5125
53
9055
9400
11728
10847
12403
5135
222
9059
95
9419
11776
10863
12451
5149
226
9065
9420
11778
140
10871
234
12466
5151
11784
9103
9425
162
5173
10888
247
12469
11848
165
9440
5189
10920
12483
270
11863
9442
166
5190
12486
10922
11875
9457
283
5236
171
11876
12492
298
10947
9466
5238
9140
198
10955
11884
9479
12507
335
9147
10968
208
5244
9486
9150
391
12521
11943
242
10970
9491
11946
5286
13589
9155
264
12567
10985
13591
9505
11968
9161
11004
278
5287
12591
11015
13595
9547
9172
11992
292
5289
12592
11025
11993
309
12593
13597
9174
5300
9566
11997
320
13605
11052
12601
9181
5309
9578
12001
11087
9194
5323
13616
349
12607
9591
12043
13664
11105
12608
9213
5325
374
9610
13671
9267
12061
11116
13070
397
5331
9635
13676
9271
13075
11127
12131
13562
5334
9643
9321
13087
13680
12149
11130
9647
13564
5346
13681
9328
14016
13097
9651
5348
11143
13580
13108
9333
14018
13682
13111
9661
13587
5366
11156
9350
13684
14044
9662
13149
13601
11168
5372
13727
14054
9675
13162
11170
13608
5398
9676
13733
14070
2760
13177
13647
9707
11177
5414
13766
14099
13207
2762
9712
13657
13784
2252
5417
13219
2765
14100
13786
9714
13665
5425
2271
2782
13252
14103
9733
13673
13795
5436
2287
2786
14136
13335
13706
5447
13799
2788
9735
2301
13354
14171
13746
2793
2348
5457
9742
13805
14179
13364
2805
2356
13796
9743
5475
13816
14180
2839
13371
6068
13820
2358
13818
5483
14240
2851
6072
2387
13824
13828
13380
14269
5498
2862
13833
6076
13831
13390
2409
2872
14293
3245
6079
13834
2439
13856
13393
2894
14300
3271
6111
2442
13875
13838
14307
13438
3282
2912
6114
2443
13841
13881
13461
3320
14309
6126
2916
13883
2451
13470
13848
6132
2950
14313
2505
13890
13499
13850
6134
14321
2980
2516
13860
3327
13907
13500
6145
14327
2560
13861
2982
13522
3338
13923
14332
2561
6160
13533
2992
13889
14345
3339
2572
6174
13553
3004
13893
14347
3358
2580
6176
13554
13948
13908
3032
14363
2585
3365
6214
13994
3041
11652
13909
14377
3366
2597
11679
14002
6215
3047
13916
14391
2602
3399
6227
407
11681
13939
14394
3052
3406
2606
6234
13980
415
14400
11734
3060
2646
6235
3411
453
13993
11735
14402
2651
6258
3062
13997
3413
468
11753
14422
6273
2685
3069
14003
3453
11775
6283
472
2714
14424
14004
11818
3488
3095
6291
556
2754
14457
11820
14005
3107
6293
2756
559
3498
14461
11828
6344
414
8874
565
3133
3509
14462
11838
3139
6381
8888
425
569
14510
3536
11862
3142
6415
8956
428
14523
597
3547
3168
11880
446
6455
14531
8962
619
11887
3558
3174
452
8975
14559
3730
627
11898
3194
3560
455
8988
3732
14593
654
3575
464
11934
3203
9013
3745
14640
3582
517
664
3204
11935
14656
3751
3583
544
3211
11945
690
9063
3593
14703
3762
702
3216
548
11948
9075
14728
3595
3773
11960
712
563
4085
9101
3789
4087
14733
3621
11964
728
9123
3791
14755
4098
3625
578
732
11982
9124
4102
3818
580
14759
3629
736
11999
9142
14764
583
3832
4108
3644
12011
9156
737
598
3651
3838
14818
4136
9179
763
12028
3671
607
3844
14823
9197
4145
12037
769
3685
3853
14828
613
9198
12045
771
3704
3854
4160
9224
12053
14831
642
3709
779
3862
4164
14833
9252
12067
644
810
4165
3890
10663
651
12077
14864
9261
10664
825
3910
4169
653
14900
9272
12095
4173
10679
829
3922
663
14904
9273
12096
10680
4195
830
3944
14908
9291
676
12097
10708
4204
844
14941
4016
677
9302
12123
4206
10709
847
11207
4025
12128
9329
4212
685
10711
11217
4038
12673
9341
10744
4309
12135
687
4046
9345
11229
12684
4343
10761
14037
711
9346
11232
10770
4345
12687
715
9354
11277
14064
10783
4346
4059
11278
12738
735
14094
2758
4368
10804
4067
742
11292
12744
2770
10823
14098
4404
4072
755
11306
2773
12749
4411
10825
14123
4080
776
2776
11310
12764
4429
6971
14139
803
10831
4450
11311
12786
2783
6990
14141
812
10845
2787
12787
4461
11314
843
14170
7022
10853
12849
2795
4469
11318
857
10875
14174
7028
12887
11365
4472
2809
7060
10902
877
14204
4476
11389
12917
7065
884
10915
14249
11398
4486
12940
7069
889
2818
10929
4500
14256
7071
12947
11413
12633
2825
10987
14264
4512
7099
11465
12961
10990
12666
2834
14273
7107
4514
11479
12962
11027
12677
2838
14285
4548
7124
12969
11490
2850
11067
12681
4567
14288
11096
2860
12996
12685
4595
14296
7126
11499
5584
11103
2876
12997
12688
5595
11508
14310
11139
2884
12692
12998
5623
11526
11142
14323
12694
2897
13040
5652
11152
11632
12696
14329
10067
13054
2929
5662
11164
11637
14341
13059
11165
2932
7162
10083
5672
7883
12700
12160
14355
1562
2937
10084
11167
7900
7163
14392
12733
5682
12164
14393
7165
2247
2949
10114
7913
12753
14396
5688
1566
7174
2249
7935
10126
2981
12209
14428
12762
5723
2263
7189
10129
7948
3012
12773
14434
12222
2272
5735
7223
10132
1579
12778
3039
2315
5768
14470
12249
7228
10144
12780
2342
3099
5781
12253
1592
14475
12781
1334
7262
2365
3105
12254
14480
5791
12788
7269
1343
7958
2378
14483
5795
12789
3123
12286
7278
1347
12810
2382
14484
7995
5814
3126
12309
1349
7288
14493
2385
12835
5819
7999
3150
1353
12338
7329
5820
2410
14532
12847
3162
7335
1357
12342
14542
12861
2411
5832
3201
7355
12346
1359
12864
14546
2420
3210
7369
5846
12356
12886
1603
1389
14570
2424
7432
5852
3227
12893
12368
14573
2435
10155
1400
4094
5853
1609
14576
12385
1429
12898
2454
10171
4101
8001
5874
14580
1623
12899
1431
2456
12415
10172
4104
5918
8007
14596
2482
12931
10207
1438
12417
4121
14603
5920
12959
8035
10228
1645
2486
4123
1446
12464
14608
5930
8036
12971
10252
2494
4144
14615
5933
1456
12467
10253
12976
8040
1672
2499
4151
14637
5967
12479
10256
1458
2509
8061
4154
12977
5974
14644
10286
1676
12482
8062
1463
4161
2511
12991
6006
10289
14648
2521
1466
12494
8074
4190
1694
12992
6031
2523
1499
10292
14654
8085
13007
4214
12553
6032
10338
2532
1501
14658
1717
8087
4229
13012
6039
12564
2533
14661
10347
8111
4246
1514
13018
8395
2544
12580
1724
10367
14700
8121
1518
4257
8402
10369
13019
13065
2546
14713
8154
4260
1522
1732
8405
10381
13071
8156
2563
13029
14719
1538
4276
10416
8410
8168
14744
13088
2586
1556
13037
4281
10433
1738
8437
8182
14745
13062
1597
13098
2601
10452
8438
4284
8196
13133
14756
2621
1611
12179
8443
10484
4291
893
14760
8217
13154
8481
1619
12186
2656
4296
14761
10486
13156
8227
1620
8496
12227
2670
896
10494
4297
1624
2674
12232
13158
8503
4320
8251
10512
12244
2697
1625
8509
900
10515
13164
4340
8264
12282
2718
8525
4349
13192
1653
10517
14793
12291
8271
2719
8539
1691
4350
10522
13198
901
14806
12307
8540
8306
2731
1696
10523
14819
4362
12312
8588
13214
2734
8318
10529
905
14829
1711
4386
12333
8598
2742
5076
13239
4389
12343
10548
1726
8600
2750
4402
13246
5077
12347
10557
14852
8606
1731
919
8868
13256
4413
12349
14881
5095
8619
10560
8882
1733
4428
13286
946
8633
14897
12373
10564
5096
8889
1737
13318
4445
8686
14906
12397
8922
5098
10584
8708
1742
4473
13349
952
14914
12426
5134
8928
923
8720
10600
4482
13357
14925
12428
5141
8759
8950
927
10608
13423
4487
974
8760
5188
8993
949
14934
12431
10617
13435
4490
5196
960
8815
14950
9004
13447
12439
6479
982
8831
963
4502
9019
14966
5200
12440
13491
6519
8842
996
4531
5225
9080
12441
1020
11185
1765
13495
6529
999
9091
1799
4551
5279
12443
11188
13504
6546
9126
1812
1025
1023
5295
4576
6568
12447
11211
13517
9132
5296
1817
4588
1064
6604
12449
9135
13549
11215
1075
1026
4613
1826
5297
12459
6637
9151
1085
11680
11249
5508
1862
5335
12477
1046
6649
11689
5521
9192
11250
1088
1863
5351
12489
6661
5590
9203
1865
1058
11295
11692
5365
1090
12501
6685
9206
5599
1868
11698
5378
11326
1103
9221
6706
12506
5604
11716
1110
1880
1061
5388
11344
9226
12511
11727
1116
6717
5606
11345
9251
1896
5439
12550
1063
11733
1120
6732
11353
5610
12559
5444
9269
1900
11367
1140
11736
5645
6749
9278
12563
5459
1906
11745
1081
11400
1198
5685
6753
9284
12577
1913
5468
11764
11418
5693
1222
9325
12581
5472
11802
11437
1934
9332
1092
1225
5695
5485
12585
11441
11808
1229
1953
1104
5696
5488
11831
11453
12616
1975
1240
9344
5710
11459
5495
11834
12620
1105
1978
1241
11478
9347
3246
5712
13072
1991
11844
2775
11589
1248
3252
1121
13113
5714
2007
11847
11607
2808
13139
1252
3268
5724
2023
11858
13142
11619
2813
1127
1255
5736
3272
2032
7870
11861
2816
1265
13180
5738
1133
7878
3294
2033
11871
13181
1277
2823
1144
2039
5744
7888
11909
1285
3305
13184
2845
2060
11911
7896
5755
1148
1290
3306
13186
2102
2863
7918
5763
11927
3308
13202
37
1151
2120
2878
7928
5770
11931
3309
13241
1185
2179
2886
42
7963
5778
13250
2888
3313
11978
2185
7975
5792
1186
52
13265
3347
2188
2899
1195
11980
5834
7977
3360
103
13267
2923
2191
1205
5885
3363
11987
7983
2925
13270
2215
104
1230
5889
11998
3367
7990
107
1238
2930
2219
13279
5936
114
13302
7993
4626
2951
3369
1267
12006
5939
2952
13307
4632
1284
5972
8023
12013
126
3377
1291
2962
13320
4643
5976
3417
163
12026
8042
2964
1300
13336
185
3438
4675
5985
8059
12032
2987
13383
6010
1303
3442
187
4724
8073
13418
12047
3003
6012
209
3464
1319
4753
12048
13419
6020
8088
3033
3472
269
1320
4767
13433
12062
8344
3494
3038
8093
280
8
4817
12068
13445
8350
3503
8098
3046
285
4822
10
8379
12078
3528
13456
8112
3053
287
13
4834
8407
3531
13458
12084
8116
3076
304
8411
70
4835
3554
13487
3082
312
12087
8123
4838
8414
78
3567
12113
13510
3112
6756
8134
315
4854
8421
3586
13513
97
12142
3128
316
8453
4871
6764
8136
3604
11649
12151
113
327
3134
8211
8471
3617
6768
4874
329
115
11656
14029
3138
8229
8491
3631
4879
6835
14034
8260
11682
347
122
3177
6845
4889
3635
8507
14060
8267
11685
3655
3223
128
8524
348
6849
4911
8297
14061
3232
3658
352
6851
11714
4914
8526
3236
14081
5043
3680
11717
6854
136
361
4925
5064
14089
8538
10629
4088
11718
144
377
4927
5069
14104
10650
6859
4130
11755
161
5080
380
8548
10653
14129
4135
4930
6890
186
11774
5097
14132
10654
384
4137
8550
4938
213
6897
14166
5107
11796
4138
8569
394
10720
5111
4943
214
6898
11800
14234
8579
10721
4152
13563
11807
4944
5115
6912
240
8607
4187
14237
10739
11865
13565
5132
6916
4950
251
4201
8621
14245
10772
5177
13576
11866
6920
254
4218
8640
4976
14265
13577
257
5197
11901
4983
6955
4225
8683
14272
277
11910
13596
5024
5211
4231
6960
8694
282
14308
11975
8696
13609
4241
7446
300
14314
11991
9745
13610
5213
4242
8723
306
11996
14325
7489
8765
5233
9747
12003
322
4243
7515
14344
341
13615
9751
8770
12005
5239
7519
4271
14348
351
13625
8783
10791
9777
5245
12021
7531
14349
4279
355
13629
8810
5259
10813
9799
4289
14351
7553
12038
378
5264
13638
9811
8840
10843
14354
5266
382
4360
12041
9813
13648
7556
8852
14357
10848
5271
9838
4361
12050
401
13656
5299
8854
7573
10869
9853
13660
13560
4366
14365
12082
7581
5305
10873
8864
9912
4367
13569
13663
12122
14403
1752
5315
7610
9915
13572
12124
13678
10887
4390
1754
14404
7620
5329
9936
13606
12138
13685
4397
13620
7644
14410
9945
14014
1763
5352
13694
4406
9961
7683
13624
14430
1803
13709
14023
4408
5362
13633
7688
9966
1807
14459
14069
5395
4443
13712
13667
9967
7696
1815
10944
14085
14516
5409
4455
7714
13715
9970
14092
1827
5489
10952
14530
13677
4485
7756
13745
9979
3266
10971
14095
1844
14539
4506
7764
13750
3267
14097
10093
10988
4508
1845
14561
7787
12276
3289
13771
11007
10097
14117
1873
4510
14604
7796
3315
11020
12280
13772
14138
10099
1901
4522
14620
3316
11024
7800
14154
12285
10110
13780
3321
1920
4535
14634
14167
13783
11041
1364
7805
1922
12290
4541
14636
3349
14177
13789
11045
7832
1927
12300
1373
4543
3364
14183
14655
1933
13842
3403
1377
7840
11049
4558
14221
12313
14660
1971
11082
14232
13864
7847
5509
3410
1380
12317
14665
14252
1976
11089
5545
7853
13867
12319
3412
1394
14274
1984
11094
14685
13872
3449
12320
5558
7860
14277
14699
11101
1399
13879
3484
1986
5569
12328
14279
14718
9378
1405
1992
13884
11121
3496
5589
12340
9382
14725
14286
1993
11140
13901
1412
12341
3497
5608
14729
9389
14290
2019
11155
13904
12344
3502
1413
5618
9391
14292
14738
11162
3507
13932
2036
12365
1418
9412
2290
14294
5621
13941
14740
2065
12371
3552
14311
9414
1421
13955
5626
2311
3568
14753
2091
12383
13958
5632
9434
3579
14758
1426
14315
2328
2099
12392
9436
3601
13962
2338
5642
14317
14789
1447
2100
12412
13976
9450
3640
14330
2346
5643
14790
1473
2132
12416
14334
13987
9456
3670
2430
14794
5668
2144
12446
1508
9460
14366
3686
413
5687
14813
2431
2177
12454
9462
1515
417
3687
14386
2466
5704
14814
12460
9470
2182
418
3689
2485
1521
5719
12475
14423
2183
9472
14827
441
3718
5726
2507
1535
14850
2234
14440
12490
3722
9485
451
5733
2540
14874
1548
12498
4618
14458
9521
10648
2541
5746
486
12516
1563
14877
4635
9540
10657
506
5752
2545
12525
14880
1585
527
4670
10669
9545
2547
5772
14468
12533
14883
539
1602
10681
4682
9614
14479
5817
2587
12545
540
14891
10684
5861
1606
9618
2591
4683
12555
14489
591
14895
5867
12590
9627
10697
1614
2608
4684
14500
5919
14933
12617
609
10705
14502
9636
4695
1647
5924
13081
2615
14952
628
14533
9660
4727
10713
5942
1654
14957
2628
640
14567
13085
1663
9670
14961
10753
4741
2632
13091
5951
14577
684
9674
4743
1666
10774
2638
13094
14587
718
4754
5954
10784
1669
9716
2645
13096
721
5988
14598
10789
4761
1679
6066
2683
11181
13114
4776
722
5996
14628
10794
6070
1680
11196
2696
13116
724
10803
14630
6071
1684
4778
8330
11216
2710
13124
14652
741
10819
1705
8331
6139
2746
4780
11222
13127
10834
895
8342
14657
758
6206
4824
8869
13140
8349
14678
11225
10854
903
6213
4848
767
8879
14691
8355
908
11235
13176
10886
785
8886
6219
4888
8401
957
14710
10923
11238
4902
791
13195
8893
8425
6228
10936
11291
979
14737
793
4912
13199
6261
8470
8938
11308
10943
14747
13201
8494
1007
794
4918
6275
11328
13228
10953
8504
14751
833
8945
4919
6296
1012
10958
11330
14765
13271
8506
4942
6330
1035
849
8960
11358
10972
14780
6343
8555
4960
13283
850
8979
1056
11377
11057
14785
6349
869
8563
13295
4971
11378
8996
1068
11060
14817
8581
4981
6354
881
11387
13297
1069
9049
14825
11065
8585
6363
5003
12636
11408
9052
1108
13299
6368
14871
11077
8597
6370
1117
14884
11420
5031
12682
9061
13308
11095
8642
6388
1128
7449
11427
11100
9062
14902
13309
12690
8648
1130
6390
7463
11150
11430
13358
14928
12732
9099
8661
1134
6408
11151
7464
11432
13372
8663
14939
12741
9108
1176
11173
6447
13388
7488
14942
9112
11446
8669
1191
12746
2257
7497
3737
14945
13431
8671
2262
9116
11461
12783
1197
7503
13440
14962
8672
3759
12816
9141
2266
7518
11466
11193
1199
13444
8678
12821
9168
2284
3765
7521
11202
11467
8707
1210
13453
2292
3768
9191
12852
11471
8735
11208
7550
2293
13460
1215
3780
9210
8764
11209
12867
2294
11489
7567
13478
9218
1219
3792
12868
11258
11498
8775
2297
13482
1260
7606
9228
3808
11260
11504
12891
13505
2305
8789
1279
7607
9246
11268
3829
8804
11511
2320
13507
12907
9250
7613
11305
1281
3840
11512
8805
13524
2369
12911
7616
11341
8811
1283
3858
11561
2397
9256
12918
7626
13531
11342
8816
1309
2408
11564
3885
12922
9274
7627
11375
1315
8838
3893
2447
13541
11565
9296
12933
7631
1316
2475
11415
3895
8841
9301
11570
11658
25
12954
7636
11419
2481
9304
3906
8847
11584
43
11444
7643
2487
12956
9308
8861
11659
11586
3951
51
11448
12968
7646
2526
9323
1749
11620
3962
11674
11454
54
13021
9326
2551
7648
1772
3963
11460
7864
9361
2627
59
11690
13042
3977
1808
7651
7872
11481
2664
2763
1821
105
3981
12153
7877
11484
11705
2768
7662
2673
1866
12188
112
4009
7909
7692
2774
2698
11530
12196
123
1882
2824
4037
7946
2709
7719
11722
11532
147
12202
4044
7947
1899
2841
2713
7726
11535
4048
12229
164
2716
7961
1910
2855
11726
7752
12250
172
11559
4074
2723
2889
7971
1948
11580
12257
176
7753
6973
2892
2727
11729
8006
11592
1981
7767
12258
2921
179
6995
2728
11615
7791
8008
11742
1988
184
2729
7006
2935
12264
7799
1997
200
11621
7027
2957
12271
8870
11777
7804
11636
2000
224
12287
8878
8020
7047
7810
2968
2038
11782
11640
7057
225
8884
12310
8028
7824
2972
7884
2040
228
12324
8896
7068
11787
7841
8034
260
7887
12329
2991
2079
8904
7077
9569
12336
8041
7890
11877
2998
2115
272
7086
8920
9586
7892
8108
12359
8939
3045
9588
2128
284
7088
7898
3057
9608
8941
8110
7089
12387
323
2134
7937
9612
7090
3061
8946
11899
12400
8140
332
7981
2136
8967
9616
7109
12405
3064
2149
8148
342
7991
8973
7145
9628
12432
3089
11917
8976
2150
8019
7157
356
8150
3093
12438
7170
8159
9008
8021
360
2151
9690
3103
11971
12465
8175
9047
2194
7192
8031
364
12470
9696
3120
8176
2204
12474
9054
376
7194
8038
11972
3121
9702
8179
12478
2223
8063
7196
389
9082
9704
3146
2231
8223
12493
7210
12016
8071
3152
404
9087
2237
9711
7211
8226
12499
8081
13574
9090
3153
7217
4615
12023
9717
12515
492
4627
8082
13588
3167
7218
11886
9741
4638
523
12534
12024
7222
8095
6048
11897
530
4640
7224
8118
13593
12541
3171
6054
12025
7257
564
4676
13645
8119
12031
6077
3199
584
4700
7265
12568
12036
8125
13655
3214
6091
604
12052
4731
8147
12571
7267
13719
635
3231
12069
12071
6106
4733
12576
8161
13722
7274
12081
645
4742
4112
12602
6130
8183
7322
13730
669
12089
4751
12621
6133
12080
7331
4118
681
13738
12107
8194
4140
6144
12625
4752
14009
710
12090
13756
4141
13078
8199
6163
4769
14021
13758
7333
8200
12092
723
4773
13089
14027
6180
13779
8218
752
7337
13102
4779
4172
13791
14047
6197
8240
756
12121
4828
7339
14048
13122
13792
8246
4841
14090
757
13166
13794
7372
12140
6207
4843
14109
8256
13809
13178
7375
766
6238
14134
13813
8273
4873
13197
7382
790
14168
14024
6243
13854
4194
4876
5085
7385
13211
6266
836
4891
14219
5093
13857
7388
13217
870
4197
6305
4939
14227
10156
13223
5119
13863
878
4947
6306
14238
4217
13233
10180
13891
5126
4954
4253
6308
14251
880
13268
10225
4265
5136
13895
14267
13288
883
4962
6311
10245
5137
13897
886
4267
13324
4987
14367
6325
10345
14032
13900
5174
13333
4278
12638
14371
5012
6326
10358
5178
4300
13912
13343
14378
12655
10371
5030
5201
14043
14381
4301
13915
13345
12657
10378
6332
5224
7472
14390
13917
13347
4305
12659
10393
6339
14421
7481
5230
14051
13365
4317
13930
12670
6350
5234
14433
10402
7494
4322
6360
13373
13931
12689
14450
4327
5255
14073
10403
7499
6361
13934
12698
13392
5263
14460
10429
4331
13960
7541
6364
5270
12703
14469
10455
13398
7544
4378
13971
6367
12709
5278
10456
14473
13988
4379
13402
7558
6373
5293
12711
10473
14481
419
7560
4431
13446
5373
10478
6393
12715
14490
7565
5375
420
4454
10537
13464
6394
12718
7584
14499
4464
422
5377
13476
10541
12725
6411
427
7596
5383
14504
4488
6422
13483
10596
12727
7608
5389
14522
438
13486
4497
7615
10601
6424
12728
5403
471
13497
14534
4504
7649
12739
6429
6461
5434
483
13518
14538
7679
6456
4505
12742
5456
6499
501
13525
7686
14555
14076
3754
4549
12767
5473
6532
7690
14562
13527
515
3757
12769
4550
5474
6543
3760
13532
7695
14594
14086
524
12777
5478
4552
13535
6555
14612
3770
7717
12784
5497
525
14091
14626
4577
3784
6596
13542
7724
3247
12794
535
14121
13558
6608
3793
4578
7733
14673
3248
12796
3831
14126
543
14714
6624
11670
7754
4605
3250
14720
3850
12797
11671
6683
7766
14140
552
4606
3257
14721
11672
3872
12804
4611
6716
7768
14158
555
3260
11712
12823
3877
14723
7782
5505
6718
12829
588
3879
11725
3284
14726
7783
14159
5527
11772
599
12831
6738
3319
3903
14736
7786
5528
14178
3333
6740
11773
12859
630
14781
3930
5530
7815
14187
3335
6743
11813
637
12862
14788
3934
5532
7827
6758
11824
3395
14199
650
12869
7830
11854
14792
5538
3935
6781
661
3402
12877
14215
14808
7855
11867
5549
679
6789
3938
3440
12878
14822
11888
14220
7863
5586
688
3966
6790
3444
12881
11893
14837
5587
9362
14228
3967
3462
691
6810
12892
5609
11903
14840
3467
9372
3988
750
6815
14230
12936
5625
11918
14856
3473
9374
3989
14236
6817
12937
754
11926
5629
14867
3999
9394
3482
14253
12952
774
6818
11932
9403
14870
5647
14262
4020
3495
781
12965
9411
14873
11933
6837
5663
4021
14282
3504
9418
782
6839
5683
12978
11951
4028
14882
14303
3532
9443
787
5722
12979
6850
11953
4030
3544
14887
14337
5743
9461
12980
798
6855
14888
14383
5765
4039
12993
9478
3574
801
11958
6858
12994
9495
5775
14384
3588
14892
4065
11973
845
6878
13001
14894
9525
14398
3591
5779
6967
12017
875
9527
14901
5793
6901
14408
3599
12029
13005
6974
12635
14905
5805
3600
9529
14415
6931
12065
6975
13008
12674
5821
3607
9550
14912
14436
6935
6991
5828
13013
12074
3645
12699
14921
6947
14437
9557
5838
7010
6948
3648
12083
12707
13022
9558
14929
14445
5841
12088
3649
6959
7026
9570
12721
13036
14449
14930
12093
5865
7042
3676
12723
6963
14940
13038
9580
12104
14467
5873
3681
9750
12726
7110
12110
13053
14963
14482
9593
5887
10624
9752
7113
12765
13055
12152
11180
14488
9633
5903
10643
9764
12779
7123
12154
14019
9640
5907
9792
14506
11199
10659
12808
7127
9836
12159
11206
14079
14525
5916
10665
9646
7140
12817
14082
12169
9841
11212
14537
9679
5960
10667
7183
9857
12826
11221
12176
14548
14083
9684
5997
10702
12837
9858
7187
12205
11252
14551
14111
10703
5998
9722
9859
12851
12212
10706
7195
14557
14114
11254
6018
9868
6093
10715
7225
12213
6036
14568
6115
14143
10696
11264
9875
10738
7258
14639
12230
8322
6125
11281
14148
10724
9884
7266
10779
14649
6170
11324
12239
8327
14157
7268
9921
10725
10856
6171
14679
11329
7280
12260
9924
14201
10879
6186
14687
10736
7286
11346
12266
9927
14203
6188
7292
14694
10882
10768
11363
12295
9932
8329
14208
10773
10884
7300
6196
14730
11379
9944
14213
12298
10935
8333
7302
6201
10778
11380
14749
12303
14226
8338
12044
10942
7317
6208
10799
14752
8339
14235
12063
11386
12332
10956
10807
6221
14250
7330
12120
11391
8353
12335
14784
10814
10959
6230
8391
12127
11397
7338
14260
12353
10969
14803
10901
8403
6233
14271
7352
12129
11405
10983
12361
10913
8435
14846
14017
7420
6239
11406
14287
12380
11018
7428
10917
6257
11434
14022
14847
8440
14289
12407
11086
6269
10963
10153
8452
14291
14040
14898
11442
11091
12414
6276
10169
10973
8457
14907
14045
14298
12423
11443
11124
6288
10182
10980
8476
14062
14951
14304
12456
6294
11449
11125
8485
10189
10993
14116
12458
14955
6313
11516
14338
8487
11131
10997
12502
10191
14124
11520
14376
6317
11194
11141
8498
11009
11522
12527
14144
10201
6329
14399
11149
11226
8499
11023
14146
10218
11536
14406
6366
12556
2248
8512
11047
11240
14156
11562
12578
14413
10219
2256
8522
6374
11058
11272
11569
12579
14190
14419
6391
10241
11090
8529
11601
11275
3592
6398
14443
14193
10244
12605
11097
8533
14444
12614
11624
3616
11286
11171
6400
14207
10248
8553
14446
11628
3622
2255
12627
14209
10272
11316
6403
8574
11634
3646
14472
2276
14217
11336
12628
10276
6412
3698
7866
8612
2296
11343
14545
14239
10290
13103
6435
2300
7881
8618
3716
14564
11370
14246
2307
6438
10311
7927
13118
8631
14572
3726
2310
10348
6439
11385
14261
7932
8655
13159
14592
10634
10350
2360
7938
13175
8670
14280
3044
10368
10637
14599
7949
13258
8698
2366
14281
7959
3086
10641
2376
14601
13274
8704
10649
14328
7984
3116
14602
2383
11390
10399
11401
13289
10412
10660
13298
10418
11402
13304
10423
3140
10687
10425
13310
11426
10694
10440
14331
3160
13376
10716
3169
10445
11451
13381
14353
10748
10459
11455
2395
14372
14617
3179
13389
11462
8717
10752
10460
2414
14418
3206
14671
10776
11476
13397
10476
7985
14425
2465
8724
3207
10781
11485
14706
13412
14447
10488
3220
2472
8730
10785
7986
14707
11513
13416
14451
2479
4115
8753
7998
10571
14715
10801
11517
13428
14485
4120
8794
8012
2483
10580
13455
11518
10836
13781
4133
14496
8819
8026
10599
2497
13472
11543
10858
8843
13785
14507
8046
4198
10616
13481
10894
2529
8857
11550
14508
4200
13793
10900
6467
13489
11566
8084
14512
1756
4210
2537
13803
6473
10910
13492
1759
8086
2542
4221
6501
13806
14549
11588
10948
1764
13494
2548
4247
6505
14552
11609
13817
8096
10967
1791
13502
6506
7865
4252
8106
14565
2575
10974
13503
13837
1798
6508
8117
7876
14569
4254
2579
13853
10978
6565
13508
14581
7894
1801
8138
2599
4258
11054
13866
6567
13515
14588
4269
8143
2611
7902
11056
13869
4285
6616
1804
13516
14600
11072
2641
4290
8162
13528
7907
6623
4299
13873
11645
2642
14607
1822
11074
4318
8214
11662
7919
6628
13878
2649
14610
11666
4353
1836
11083
6640
11677
4375
7923
14611
13882
2686
8224
1851
11699
4383
2260
6663
11707
14646
8238
7926
2717
4393
11710
13885
1860
8289
4400
2269
11738
2730
6670
14676
7936
4418
13911
1957
11740
6680
2273
4441
7944
8292
14684
11747
6681
2738
4451
1973
13943
2274
11750
6684
8294
4457
8876
14693
1974
7989
13957
11790
6690
2302
4493
8305
13982
4518
8901
11794
14696
8000
1979
6693
8311
4525
2309
13984
11810
6696
8918
4545
14698
435
8004
11839
1980
8936
8316
6697
2313
439
8010
4554
11860
8959
2005
6744
14742
8320
4555
11864
8030
475
2334
8972
4557
6773
8047
8321
11882
476
4560
2022
14770
9025
2341
8051
6780
4563
510
11895
5042
9037
8055
6795
2027
4574
522
14800
11904
5083
9057
2357
6826
8064
2028
4582
11936
5084
528
8113
2059
9092
14830
6860
5099
558
8129
9114
5103
2081
566
6871
4584
11955
8165
2363
9136
572
2082
5105
14835
4587
6882
8193
11985
592
2088
14849
6904
5154
4600
9158
12007
8213
2364
593
2090
4602
14855
12014
5169
9199
8225
6908
2098
2377
618
4609
14857
12018
9201
5176
8230
6910
2384
4610
14861
706
12042
5184
9207
4357
6929
5503
2401
8253
14885
739
12099
6930
9214
5187
5543
4380
2425
8269
14935
744
5544
9245
12101
6933
5231
2426
8286
4382
14938
12103
760
5557
9247
5237
2440
6937
4403
11189
5037
12105
761
5572
2474
9254
11274
5247
4434
6961
12125
5054
2477
9257
817
9758
5602
11283
5258
5056
4463
12145
2490
9259
827
9759
5611
11290
12147
4498
5265
5090
9761
2496
11293
854
5657
9268
14008
5110
9819
5274
11301
4544
861
2524
9285
14010
5665
9863
5124
5284
11315
4568
14039
2604
9292
5671
871
5162
11348
9867
5294
4573
14042
2612
9295
5163
12642
5673
5314
14053
4579
2622
5179
9878
9303
11376
5675
12649
5317
4601
14056
2626
12757
11394
5676
9340
5320
9914
14080
4612
2661
5181
12759
11412
5716
9352
5330
9942
14120
5515
2669
12766
11416
5202
9355
5332
5737
9952
5516
12771
14128
2688
5753
5206
2842
5333
11417
9959
5524
12774
14147
5785
5215
2721
11435
9960
2857
5358
14163
5797
5552
12776
5229
8885
2858
5370
9965
11452
12795
5235
5567
14172
8907
5371
5799
9972
2859
11456
12802
5240
8919
14202
5571
5816
9981
5379
11463
12827
2867
9002
14206
5252
5579
5839
5392
11537
9989
12828
5276
9018
2881
14216
5598
5872
5408
10019
5283
12840
11552
9042
5876
5410
2909
12855
10049
5290
14231
5416
12903
10053
2911
5616
5291
9050
11555
5421
5881
14243
10089
12909
2963
5617
5321
9070
5882
11558
5441
10108
12927
14259
5631
2986
5888
9078
5322
11577
10115
5451
5670
12930
5892
14295
5328
11590
2997
9084
10116
12941
5690
5464
14297
5345
5917
11595
3031
9088
10131
5922
14312
12972
5694
5353
5467
11625
9093
10145
3036
13006
14340
5926
5709
5477
5354
11626
9095
1322
3071
5731
13031
5941
5480
14352
9097
5387
7869
1324
12155
5759
3084
5956
14356
3255
7873
9098
5390
12182
5796
3102
5978
1327
3286
14369
9100
7874
5811
12192
5422
1329
3148
3302
5984
14380
5825
7897
9105
12204
5442
1345
3337
14387
3154
5986
5833
7906
5471
9134
3346
1358
12207
14431
5995
5835
3156
5481
1366
7916
9137
6004
5869
3353
12208
14435
3196
1369
5484
7925
5902
3436
6013
9144
14498
3198
12221
5487
7957
1388
3441
6034
14521
5915
9146
3215
12240
5490
1397
7967
3452
9159
14578
5950
12247
8323
3221
3460
9178
5493
1403
7968
14583
5961
12256
8326
9183
3235
3508
5501
8009
1406
14584
5970
8335
9222
12259
4124
3529
3297
14621
1420
8013
8351
6001
9223
4126
3303
3533
12263
8014
14632
1423
9234
8359
4149
6015
3329
1440
3541
14647
12273
8016
8384
6026
9243
14653
1443
3331
3589
8022
4157
12275
8429
6037
9275
1449
3342
14674
8052
3679
4167
8334
9300
12278
8460
1451
3382
8069
3688
14697
12284
4193
8356
1461
9312
8463
3401
3692
8083
14702
12293
9320
8361
4222
1477
8475
3429
8103
3708
14735
12296
2766
4288
1480
8363
8486
8135
3454
3712
14748
2784
8489
8137
8389
12297
1483
4292
3457
14791
3720
8139
8521
8423
2789
1485
12306
3458
14816
8166
4294
8528
8442
1493
10625
2797
12311
3519
8534
4381
8514
8195
1497
2801
12330
10655
3530
4427
8558
8197
1503
8535
2802
14826
10668
3546
4442
12355
8562
8572
1530
8235
2819
3557
14842
10672
8590
1536
12364
4446
8576
2847
8237
3612
8603
14848
8583
1542
10686
8248
4447
12375
2870
3615
8623
10698
14868
8592
12396
4459
1547
8258
2890
8653
10699
14875
3627
12421
8614
1557
4470
2893
8656
14931
10712
8263
3632
1560
12442
8622
2933
4524
8706
14936
3694
10717
8276
8641
4526
1570
12480
2934
14944
3705
8715
10718
8649
1591
8278
2967
12484
4527
14949
10726
8744
8719
10635
1616
2999
12510
4536
10735
14956
8285
8722
8747
10661
1617
3010
8301
12526
11198
10742
4540
10670
8739
8767
1633
3022
10767
8303
10685
12529
11205
8779
1642
4556
3042
10792
8742
10701
12542
8313
11214
8817
4561
10810
1658
3054
10745
8748
8829
5071
11242
12558
4598
1671
3056
10821
8754
10765
8832
5088
1673
12575
11245
3059
5502
10832
10766
8766
8839
1690
12589
11248
10787
3074
5092
10837
1712
8777
8860
11285
10839
12596
5520
3091
5120
10846
8798
1755
1745
10897
11294
5531
3092
12609
8800
5123
10857
1768
942
10906
5533
11297
3108
10883
5144
12631
8814
1769
968
11299
10924
5551
10890
13068
1793
8830
972
5164
3109
10926
11302
10891
1819
5565
13092
8833
3129
5175
10931
11319
978
10892
5577
1842
3147
13107
8835
5185
10941
11322
990
10914
5594
1848
1751
13112
10946
3149
5597
1003
11334
10960
1762
5204
1853
13121
3164
11368
10957
5628
1010
10992
5214
1779
13145
3166
1854
1019
11381
5636
10964
1809
5217
1864
13161
1021
3175
5639
11399
1833
5222
10984
13188
1877
11422
1024
11030
3184
5641
1885
11000
1915
5228
13189
11425
5648
1924
1038
11040
3187
11064
5241
11438
1941
1925
1066
11076
5655
13193
3200
5242
11085
11439
1929
1964
11084
1079
13206
5686
1989
5253
11440
1091
1935
11107
3217
11115
13221
5254
5742
11464
1999
1097
11120
1947
3224
11128
13243
11523
11166
5267
2015
1996
1112
3234
11137
13249
11172
11528
5794
2030
5280
2009
1142
4090
11538
11160
11174
13251
5808
2011
2049
5307
1145
4129
11551
11176
11178
13260
2025
2052
5308
5849
1156
2250
4146
11574
2048
2084
13262
2261
5327
2275
4159
5860
11576
1159
2057
2268
2093
13319
5339
4174
2289
1183
5864
2283
2104
2325
5359
13363
11585
1196
4188
2067
2335
5868
2125
5361
11587
13386
2330
2074
1203
4189
2336
2131
5879
2332
5364
11622
13394
2097
1206
2350
4207
2345
2147
5908
13395
11629
2367
5367
4283
1212
5914
2114
2148
2351
13409
5386
4286
1223
11638
2381
2368
2133
5927
2168
13413
4326
2392
1245
5391
7920
2175
2380
2172
5935
1254
5405
13436
2403
2176
4347
2388
7973
2173
5937
5406
1256
13466
2415
2389
2187
7997
2190
4356
5938
1262
5424
13490
2419
2193
2402
2216
4363
5428
8005
1264
2429
5945
2202
13496
2405
2218
8025
5449
4369
2438
13511
5947
1307
2222
2211
2412
5455
4370
8044
2473
5966
0
13548
8066
2239
2220
4373
2452
5462
2495
5981
2
11657
8068
4394
2457
2225
2243
5989
5492
30
11676
4421
8070
4644
2459
2500
6002
5494
31
11701
8080
4425
4647
2463
6005
2504
4430
4673
5496
8092
11706
2241
2512
39
6022
4708
4437
2488
5500
8097
11711
4625
2519
66
4465
8100
4645
8343
4713
3249
2550
86
11715
4523
2503
8347
4771
2620
8101
3259
91
4650
2531
11720
4528
8371
4782
2624
8142
3263
96
2543
11754
8385
4656
4532
3285
4809
2636
8174
4678
121
2552
11760
8400
4592
3287
4852
8185
2663
4740
2565
127
8406
11791
5523
2573
3293
2668
4853
11804
4746
129
8216
8450
5542
2588
3310
2677
4855
4748
11805
8478
137
8221
3330
5554
4866
4763
2680
2616
141
5561
11832
8480
8222
3340
2691
2630
4868
4764
145
8482
5564
2724
3371
11870
8244
2633
4893
4768
8492
149
5573
2735
8268
3373
8495
11892
2650
4896
216
4794
3385
5588
2752
8502
11894
8291
2657
4898
4823
223
5592
2755
3423
8517
4899
8304
2659
4840
11896
227
5593
8312
8926
3425
2660
4845
8547
4904
5607
235
11908
5038
8942
4928
8551
3466
259
2740
4856
5041
11914
5674
8971
3470
2753
8560
4864
268
11915
5059
5681
9005
4934
8582
3474
295
8877
4900
5060
11922
5702
9006
3514
4953
8880
4920
5061
310
11952
5706
4969
3518
4967
9009
8601
5062
313
4972
11954
3523
5725
8905
4996
9021
314
4988
5063
8611
3550
5762
5010
8913
7471
326
8673
9027
5777
11957
8914
3561
5072
338
5028
8677
7473
9028
5784
8929
7482
3576
5074
5032
8761
346
11959
5801
5087
8937
11962
3598
9046
8780
350
7498
7441
5114
5806
8961
3636
11967
9053
363
8785
7444
7502
5116
5818
8970
3657
11977
9081
5130
383
7455
7513
8836
5866
9017
3662
12094
9143
5142
388
7522
5896
3664
9029
8851
14006
7561
9145
5912
395
5147
7524
3668
1750
7574
14020
9045
9148
13619
1757
14036
7586
5171
9086
3672
9163
13622
14046
5929
1760
7589
5192
7528
9102
3674
9195
5931
14059
13632
5199
7530
9217
7597
1771
9118
5932
5209
13637
3691
14063
7534
7602
9120
9311
5219
13649
5949
1850
14066
7535
7632
9127
9315
10640
13653
5962
5232
1855
9133
7537
9337
7641
10651
14071
1871
13697
5973
2785
9138
7546
5246
7653
13718
14084
10693
9152
1878
5980
2820
13739
7671
5251
14105
7555
1892
10704
9200
8325
2830
13751
14107
5262
7691
7570
10710
9227
1893
8336
13760
2840
14115
7571
7710
5292
1904
9230
13769
10719
8364
2849
7711
14119
1912
7591
5298
13773
9240
8409
10756
2875
7755
14122
5304
1916
13790
9266
8415
2895
7759
7598
5310
14130
10769
1939
2896
13801
7633
9290
14142
7762
8418
10777
1940
5324
2908
13815
7639
14160
7763
9293
8432
5357
1958
13825
10790
2910
9324
7704
14169
7769
8445
5427
1962
13829
10809
2919
7713
7773
8456
14173
9336
5430
13846
1967
2931
7734
7801
10851
5448
14175
8473
9351
13851
2013
7736
10859
2947
7802
5469
8483
13852
9359
2969
2020
7807
14184
13868
2779
2034
7812
2970
14205
7738
10877
5470
7821
2041
8493
13877
2983
2810
14214
2061
8497
13892
7836
7781
5499
2988
10880
14224
2817
2087
8537
7784
7839
3281
13898
10893
2993
2101
14225
7788
2865
8593
7861
3322
13903
10904
2996
14229
7790
2116
2877
9384
8620
3325
13921
10911
3005
7798
14233
2122
10921
2880
9404
8627
3336
13940
3015
10930
7808
2905
8635
3348
14270
9413
2123
3019
13944
7816
10932
2907
3361
2127
8645
3020
9423
14343
2927
13975
10979
7833
2139
3368
9427
8650
10982
3021
14346
13990
2941
2143
3398
7837
8733
10989
9439
434
14361
3026
2971
7846
2161
11005
3405
8736
3051
9492
440
14388
7852
2984
2192
8741
3098
11013
9494
3407
450
7857
14405
3001
8745
3104
2205
9496
11032
7862
481
3445
14409
9506
8757
3113
3014
2214
9385
487
11033
3451
8769
3136
3035
14416
2226
9512
3491
9396
8802
514
11061
3155
14432
3067
2242
9518
9399
542
8853
3172
3499
11070
3068
9407
9567
4620
14441
550
3181
1780
3115
3512
9449
11118
560
9575
3151
4630
14454
9453
3208
1788
3515
562
9582
11129
4637
14456
9471
3161
3230
1790
3526
634
9613
3188
4654
9473
11163
3534
14509
1816
4117
9630
678
3240
9488
4664
3535
2291
14527
4142
1828
9637
707
9508
4099
4677
3562
2317
14540
1829
4143
9671
4679
9511
720
4119
2333
3564
14556
4180
9677
1870
746
4686
4127
4181
9514
9680
14560
2339
3565
4704
4134
1883
748
9685
4184
4714
9517
2343
14582
3581
9689
1894
4148
792
4185
9524
14591
4719
2370
1937
3602
9701
4191
4176
797
4722
9537
14595
1944
3610
2394
4213
4182
9713
807
1960
3669
14662
4723
9556
4219
2404
6049
4196
1969
14663
855
4756
3673
9571
2423
4262
4226
6051
2004
4757
862
14666
6057
4268
4233
3678
873
4775
4295
2446
14667
9576
6060
4237
2012
3690
12652
9583
4789
2449
4315
4250
14672
2021
6078
3713
12663
4795
9595
4266
4329
2053
14682
6082
3724
9599
12686
4814
4330
2066
14708
4272
10636
6096
4816
12731
2476
9621
4333
14709
2080
6123
10646
4274
12748
4842
9624
2527
2083
4338
6142
14712
10656
4324
9626
12806
4849
2556
2111
10676
4407
14774
6143
9659
4351
12814
4857
2558
4415
2154
6153
10678
12820
9667
4377
4865
2577
14795
4438
9683
6159
2164
12833
10682
2590
4384
4890
4452
14799
2165
6167
12845
10690
2603
4398
14802
4511
4909
6169
2209
9728
12846
10700
14810
6175
4399
2637
4617
12857
4533
9729
4917
10722
14865
2658
6183
12879
4410
4628
6053
4542
4949
2682
10743
14889
6189
4416
6083
4641
12889
4546
5018
10757
2702
4422
14890
6200
4642
12924
6088
5022
2726
4562
4423
10775
4651
14918
6210
6110
12929
7474
4580
2732
4432
10780
6129
6211
4659
12934
4466
4585
7478
14943
2739
10796
6217
4671
6136
4474
5507
12938
7490
2751
14965
6165
6222
5510
10852
4475
12943
4680
7492
11186
6237
8866
6190
5512
10861
4495
12949
4689
7493
6249
11201
12973
10876
5513
6212
8895
4501
6259
4696
7529
11227
5514
12985
10903
8911
6218
4515
6260
4706
11231
5535
7532
8925
13014
6225
10908
6297
4564
7545
4709
8931
11236
5546
13025
6231
4597
10912
6300
7547
8954
6236
11237
4717
5566
4599
13045
6304
10951
7549
8974
6250
5622
4721
11241
6336
13063
4614
10961
7552
5649
6253
4728
6346
8982
11244
5679
12178
5536
10996
6365
7576
6255
11247
4734
12198
8986
5537
6375
5680
6256
11011
7578
4737
9020
12214
5539
11259
11017
6265
4738
7588
6384
9031
5689
12228
5541
11021
6277
11270
4744
9048
6401
7614
11029
5699
12238
6280
5575
11288
4747
6402
7617
9056
11034
6281
5583
12251
5730
11304
4749
11055
9085
7622
6298
5601
12255
6414
5748
9113
7640
11320
4755
11062
5612
6321
9164
12283
5751
7665
4758
5620
11340
6347
11063
12301
5758
7672
9167
5664
11352
4770
11066
6348
9173
12321
5790
7675
5698
11068
11354
6351
9186
12323
7678
11075
5705
5823
11361
6372
9187
12327
7680
4801
11088
5707
5826
11372
9188
6386
7697
12348
4858
6404
11098
5739
9202
12352
4870
6410
5740
9220
11119
7702
4880
5829
11404
12362
5747
6416
6423
9242
4940
2251
7707
5831
5767
11409
12370
9244
2279
4946
6440
7709
6434
5786
5842
12389
11494
9253
6451
3756
4952
5789
7728
2286
12410
5859
11502
9270
3776
3735
4992
5815
7743
2303
12419
5870
11506
9299
3782
5004
5840
3736
7747
9313
12429
2308
5015
5891
11563
3823
5905
7761
3742
9317
2321
5025
12434
5893
11568
5913
3835
9349
5033
2347
7770
3746
12473
5940
3845
9356
11591
5897
2354
7453
5953
12504
3748
2757
7792
2355
3856
5911
12513
11604
2764
5959
3750
7461
2371
3860
7797
12532
5957
5971
7868
2379
2771
3763
3873
7487
7822
12537
5965
5992
7895
2413
2815
3881
7843
12538
3764
7501
5979
7901
5994
3888
2828
12548
2417
7850
7512
3771
5983
6000
7914
3900
2843
12551
3775
7523
7921
2428
7854
6017
5991
2854
3777
3919
12562
7924
7533
7856
2468
8328
6043
2874
3939
12572
9373
7590
3778
7929
2489
8360
2906
8345
3952
12603
7953
7625
9377
8368
2518
2959
8369
3953
12606
7630
9401
8374
2985
2535
7970
3983
8380
7645
12629
9408
3018
8424
7972
3986
8386
2553
13067
7652
8434
3027
9424
3995
2564
7976
7654
8404
8448
13073
9428
3037
2568
4000
7978
7655
8466
13080
8544
3049
4031
2570
9437
7681
7992
13095
8568
8477
4043
3050
2574
9445
13101
7682
8573
8541
7996
2578
4051
3058
13104
9452
8545
8587
7694
8024
3070
4070
8565
2594
13109
9463
8632
4073
8029
8575
3083
2610
7698
9464
13129
8657
4075
8045
2653
7699
3085
8624
9465
13203
6981
8674
2676
7712
3094
13208
8887
8680
8050
7730
7000
8636
3127
8891
8691
13227
9482
7003
8057
7760
8897
8644
3785
3180
8695
13232
9499
8060
8647
7007
8908
7795
8699
3193
13247
3802
8662
7831
8916
9531
8077
7018
8703
3209
13254
8676
7848
3805
9542
8105
8917
13293
3218
7052
8710
9563
7849
8933
8702
3806
8115
3229
7072
8711
13300
7851
9584
8124
8716
7075
8952
3814
4096
13301
8758
9364
8127
9603
8955
8725
3821
7087
4097
13305
9632
8793
9371
8966
8132
7093
8726
3826
4106
13325
8808
9664
8133
8985
7095
8731
9390
4132
3833
8146
8809
13332
9700
8991
9393
8768
7096
8151
4147
3871
13344
8997
8812
9705
9397
8158
8771
7102
9014
13348
8820
3887
4155
9406
8170
7114
8778
9709
9015
13361
3896
8821
9459
7130
8215
4170
9710
8788
13385
9023
3897
8823
8232
4175
9715
7135
9469
13396
8792
9072
3912
4205
7138
8827
9720
9480
8233
13400
3937
8826
8856
9079
9481
4209
8236
7169
13410
9721
3940
8862
8863
8259
9121
4227
9487
3942
7179
13432
8865
9726
8279
9149
1767
9504
3948
4255
9170
7184
9738
13519
8280
1753
1794
4256
7206
9523
3950
9205
1761
8308
6047
13536
9526
1806
9225
7220
3958
4264
1766
13538
6059
9587
8319
9241
7229
3961
1837
1773
4270
6084
11650
5039
9248
7231
9589
1861
1774
3969
4298
6090
5044
9255
7238
11653
1872
3998
9602
1777
5066
4339
7243
6102
9280
11688
4003
1875
1783
9617
7249
5102
4341
11693
6109
9281
1879
1810
4006
7255
9620
5113
11708
1936
4344
9282
1825
6120
4023
9644
11709
7298
1942
4352
5117
9306
4034
9654
6157
13704
4372
7310
1949
9668
4052
5138
9309
13710
6166
4426
11730
1951
7312
9703
4061
5146
9310
6187
13713
4435
9719
11743
1966
7320
5148
6977
9322
6191
4436
9724
13717
1968
7324
11749
4479
6204
7009
5152
9731
9335
13721
1972
6220
4484
11762
7332
7032
5158
13728
6044
9338
4492
7033
11770
1977
7404
6223
6061
5166
4499
13736
9353
7048
1987
7436
6241
11806
6064
4507
5168
2761
13748
7066
6245
10166
1998
6067
2767
11816
5172
4517
7082
13752
6246
10194
2008
6074
11830
5182
2772
7097
4529
13757
6247
6080
11841
2010
10198
5183
13761
7106
6285
2804
4530
6081
11857
10199
2014
7116
5198
6103
13776
6289
2829
11859
4572
10217
5205
2018
6292
7120
2869
6113
13800
10288
4604
11913
5212
6118
2871
6307
2024
7122
13822
10294
11924
4607
7144
2885
6121
5261
6315
13835
2029
5517
11928
10301
7155
2918
6138
13845
6320
2051
5272
11963
10305
5522
7158
2965
13927
6149
10313
11970
5540
2055
5277
6327
7173
2966
6150
13928
10336
11976
5603
5311
7200
2071
2973
6333
6151
13947
10366
12009
5615
2975
5341
7214
2075
6172
6353
12027
13998
7240
10370
2990
2089
5356
6182
5644
431
7248
6383
2092
12054
10383
5360
2995
5653
6198
445
6397
7251
12057
2109
10392
6203
3024
5376
5659
7295
474
6216
6406
12073
2126
7309
5669
5393
485
3025
10458
6426
12075
6232
5711
7316
496
2160
10467
3028
12076
5399
3729
7328
6240
5718
10469
2167
3034
503
7334
12100
3734
2174
5437
5720
520
6244
10472
7344
3065
12118
2178
5438
553
3738
7353
5783
10477
3106
2200
6254
12130
585
7362
5463
5827
10501
3753
2207
3110
12134
6272
589
10506
7373
5836
5466
3772
3119
12136
2210
595
6279
3788
3125
10509
5845
6295
7390
12143
3243
2212
603
3795
3131
10546
5847
7393
6319
14007
3264
2213
10559
3800
5855
610
3173
7403
6331
14011
2217
3278
5863
3212
614
3801
10577
6334
7440
14031
4634
5883
3219
3295
10148
638
3804
6335
14033
4653
10578
4092
5909
3299
10161
14075
4668
660
3827
6362
3312
10589
4100
10178
5910
662
14087
4681
6377
3841
3317
4107
10196
674
10618
5946
14108
6396
4693
10206
4114
3324
3843
14110
6474
692
10230
3847
4707
5958
4156
3356
6407
6528
14131
10261
3864
5968
3375
4711
4171
14133
6413
10274
6533
3865
3414
4716
6023
4177
6539
1583
10279
3727
3875
700
4718
4186
3419
6033
3739
6545
1598
10293
705
3876
6578
4762
3747
1600
726
3426
8362
4202
10296
3891
3769
6589
1649
4766
749
3432
10298
3907
6597
8399
1657
4208
3786
762
4784
6645
3433
10309
3918
1660
3794
8408
4224
811
4790
6664
3455
3933
1674
10316
821
8420
4234
4791
3478
3810
6689
1702
3941
10327
823
4793
4275
8426
3479
6735
1713
3959
3824
8431
10337
841
4307
6747
4819
3490
1716
3965
851
8446
3842
10376
6750
4313
3501
4829
3968
1730
12640
3870
8447
10387
4336
6791
12658
3991
4846
1736
3505
8458
3892
10388
4391
6792
12667
3992
4860
3511
8500
1746
12668
10389
3898
4392
6808
4008
4867
8501
12671
3524
898
4417
3902
4895
10394
6814
8518
12675
4010
3551
4433
3911
4924
943
10397
4035
6867
12679
3570
8531
3029
966
3936
4931
12706
10426
3590
4060
6877
3954
8532
4932
3066
987
12736
3597
4082
10430
6892
3964
4936
8542
991
12752
3072
10444
3623
6968
6909
8543
4945
3974
12755
994
3087
6980
3654
8566
10447
4948
4007
12763
6918
1001
3659
10451
3111
4957
6992
8578
4032
6924
1005
12768
4958
10480
3660
8605
4057
6996
3124
1022
6940
4997
10489
12782
3700
8615
6993
3141
6997
10510
1072
6951
7451
12801
3711
8617
3176
10536
7004
1076
6999
7454
6962
12809
8637
3723
3182
7466
7011
8643
12842
6964
10540
1078
7008
10658
3190
7477
12850
10563
1082
9755
8665
10673
7017
7030
7491
12854
1146
10567
3228
8721
7034
9765
10674
12866
7053
7504
1153
8732
10573
10707
3241
9768
12901
7039
7506
1194
10606
7073
8734
7041
10732
9774
4086
6472
1200
7117
10562
8763
10758
7061
12914
9775
4091
7141
8773
6480
10760
7085
10569
9791
12916
1216
4110
8776
7199
10585
6487
10763
7091
9796
8781
12987
6522
7212
4131
10798
1217
10588
9806
8782
7143
12988
6534
10622
7216
4153
1244
9807
10806
13034
8813
6553
7166
6475
7221
4220
9810
1269
10815
8855
6556
13041
6484
7226
10818
1770
1286
7186
6579
9812
13052
4223
7232
10820
6493
1776
1304
6606
4235
13057
9815
10828
7236
6517
1317
6607
7237
1782
13060
9820
4238
10835
6523
15
7253
6611
7204
1785
12158
10838
4259
9823
26
6525
6620
7254
1802
7215
12162
10844
4280
7259
9842
1814
6626
48
12168
6526
10855
7235
4325
9876
7260
6638
49
1835
6547
10872
7261
4335
12200
9877
7270
58
6665
1843
7271
6552
4337
9883
10885
7272
12210
72
6694
1856
9900
7285
6563
4348
10898
7281
1887
12215
76
6754
6570
9926
7287
10928
4354
12226
1902
7282
83
6769
7301
9928
6574
10934
7283
1903
12234
4358
132
7304
6770
6585
9937
10949
1938
135
12248
7305
4364
6778
7289
9949
1943
6593
10986
4374
7307
12268
7318
182
6598
9974
1950
11002
4385
12277
6785
6617
7343
9983
189
1994
11003
7314
4387
6802
12302
9992
1995
6672
7348
190
11012
4395
7346
12304
6806
9994
2002
195
7350
4396
11028
12316
7354
203
6834
6673
10006
12345
2017
4401
7379
7365
215
6691
6863
10008
11036
12351
217
2062
4458
7378
6704
10013
7396
11042
6896
236
12378
4460
2108
6707
7423
6946
246
7392
10028
12379
11046
6957
6708
7431
4489
248
2113
7400
10054
11069
12382
6966
10149
4521
6728
271
7405
2118
10086
11092
10176
12408
9786
4565
299
6765
10154
11102
10094
12425
9802
2130
4571
10177
319
6797
11114
10160
12450
10098
2138
10237
9803
324
11134
4593
6800
12517
10175
10138
325
9809
2146
4596
11138
6801
12528
10185
2180
330
4603
9824
2246
6805
10242
1331
10202
12531
359
2189
5506
9825
10264
2267
6820
369
1332
12569
10204
5525
10265
2270
6842
9830
386
1384
2233
12573
5555
10212
10269
2282
9835
6843
1385
392
10213
2238
12599
2312
5562
9843
10275
6857
13581
1402
12604
10221
2244
6905
10307
13583
2316
9847
5570
1417
12618
4623
10312
10227
6923
9869
2319
13585
5581
4624
13128
6928
1425
9904
10235
10317
4648
13600
2326
5596
13138
6945
9910
10236
1433
4652
10349
5619
2337
13153
9746
13602
9916
10268
4658
1435
2352
10390
9757
5635
13170
13612
9925
1459
10271
4685
5646
10422
2362
9771
13182
13617
1476
9951
4697
10424
5677
13183
10314
2375
13651
9773
1500
4699
9978
10436
13204
10325
2427
5697
1509
9990
13666
9793
4702
13209
10453
1513
10330
2460
5700
9998
13674
13213
9795
4703
10471
1525
10000
2461
5708
10333
13675
13225
9805
1553
10485
10009
5715
4715
2501
9808
13229
13687
10334
10497
5727
1613
10010
4729
2592
9816
13688
13242
10361
10502
1635
5741
2595
4772
13690
10031
9829
13244
10552
10373
5754
1650
10034
13695
9834
2665
13263
10377
10044
4810
13708
9839
13275
2667
5761
10558
10070
9848
1651
10406
13714
2678
4825
13306
5769
9864
10087
10565
13724
13316
10415
1659
2690
9897
4827
5773
10572
10090
2712
13731
10437
9911
5780
1667
13321
10091
10575
4833
13762
2733
5802
10463
9986
13330
1683
10095
4850
5822
13775
10576
2736
13338
10492
10026
1695
10105
4937
13353
5844
8871
10516
13844
10590
10045
1698
5848
10118
8898
4955
13374
13894
10524
10610
5854
10052
1743
10119
4956
8935
13379
13896
10574
1328
904
10614
5857
10061
13384
4961
13906
10582
8948
10619
5858
1333
924
10062
13391
4995
13914
10586
8965
5875
6459
931
13408
1336
10096
5029
13954
8990
5895
10593
6460
13443
1354
944
7465
10106
8998
13965
5898
13454
10597
951
10107
6468
1355
7486
13968
5899
9010
13467
6463
6476
971
10123
1383
9035
5900
7500
13512
6478
13978
989
1414
9036
6488
10125
5904
7508
411
6540
13537
995
10139
1419
5955
7538
6513
9039
6576
13545
424
1439
5987
6527
998
7540
1335
6600
13556
9122
430
1460
6530
1030
7554
6014
1338
6603
9128
456
13557
1468
9129
1340
1031
7569
11644
6631
6024
6537
479
1478
9154
1342
7577
11647
1048
6038
6646
9157
1484
6560
482
7580
11661
6040
1350
1494
1051
9165
567
6648
11663
7583
6564
8357
1422
1070
1505
586
11665
8358
6675
9209
6580
1442
7593
1507
1080
11667
622
6700
9212
6609
7594
8367
659
1541
1472
1083
11683
9215
6730
7601
671
1572
6614
8376
1492
11691
672
9232
6759
1086
1580
6636
8382
7603
1511
11761
9233
698
1087
6787
6644
1615
1526
11765
719
8413
7612
6657
9237
1114
6799
1565
1630
11768
747
8416
9258
7619
1123
6658
11780
6812
1643
770
1567
8428
7628
9263
1125
6659
6832
11781
773
1569
1646
8459
6682
9283
7637
1126
6852
11783
1574
783
1687
6687
8488
11789
6853
9327
1132
819
7663
6701
1601
1715
8520
11821
6862
9334
1143
824
1719
1605
11825
6868
828
1739
9343
6711
7664
11827
1608
8595
6714
856
6874
890
1150
11845
9357
7684
1612
8610
865
11874
6887
6722
1157
7721
894
1631
8626
2778
874
11885
6751
1161
6893
7723
928
1634
2796
8634
876
7732
11905
6752
1165
2832
8638
12634
11906
932
1686
6914
7740
1166
6776
2844
1180
6915
8651
12643
1692
939
7749
11916
6777
2846
1181
8679
6925
1693
950
12650
7750
11919
6819
1204
2852
9754
8700
12651
11921
1701
7765
6822
1211
954
2917
8729
12653
13429
11937
1706
2922
977
7776
8786
6827
1232
12660
11979
13439
1013
1707
7777
2926
1235
12676
6830
8846
11984
13475
7785
2939
1016
1247
1723
12695
6865
8850
12040
13479
2942
9958
1266
1033
12704
1725
1784
2945
6902
12058
