9272
13227
5048
10043
7903
3807
956
9398
14517
13013
2986
12061
2723
11022
8526
3329
6540
3528
14213
11311
4584
12323
10154
5648
1255
4546
1049
13970
6656
12485
10876
14047
8333
11169
7119
569
12363
9399
501
10493
12842
1192
12257
12786
8518
9035
4571
4575
8637
9497
10586
11526
9223
4240
2905
516
4365
3488
1452
6317
12249
9817
13594
3830
11292
2814
7474
11568
13292
4516
9979
13144
12383
11990
2594
1390
2153
8839
9586
7122
12010
11547
3333
3129
10343
10767
11058
1011
9374
3263
4793
14482
9742
6053
5252
3510
10946
4185
10601
628
4295
13410
5101
13968
11168
4788
5478
11005
7034
12072
8393
11
4224
13489
5364
1353
7860
458
5141
136
5456
3012
2960
9248
13602
5840
1975
1430
2842
8050
1213
14326
11177
8951
6748
13962
206
11300
12711
13408
5576
5530
4628
2211
6401
31
4588
5045
8336
1507
7370
6780
5256
9921
14595
4933
10672
12849
6551
13364
14036
10069
3378
13184
13391
9464
3967
812
12925
4593
9804
2762
11196
4369
7721
7494
10270
6315
13465
12335
7043
10095
11819
4551
6542
6355
1428
207
6397
117
4532
3214
3154
8938
10183
607
3968
8197
7617
13840
2751
2094
3365
14063
10057
11067
6576
11112
2489
12443
2688
1968
1489
9800
10313
5861
12981
3938
12972
11352
2549
14284
3638
2265
10893
8842
12988
14428
1956
6904
14429
11827
2334
5499
12200
10126
7413
4499
295
2297
1048
11158
1847
851
11536
12838
9312
10801
5023
13588
4928
13260
1857
1281
8311
5134
10294
1278
4611
3896
2006
10978
7358
7284
10324
7591
6744
4952
2607
9627
1414
8886
7375
13257
9162
5657
13728
5730
4507
4348
6224
7489
3874
8016
13925
5124
14053
9406
8566
6210
7153
4904
11958
13137
1874
5820
13710
6328
2470
14485
9828
5416
1714
9096
6145
9423
11795
4260
4650
13665
1359
13455
8618
529
4300
5906
649
7422
3613
9559
9917
12342
5565
6106
737
950
10271
9881
12689
12427
2423
869
2739
10032
2209
12343
12322
5173
8236
519
11471
9161
8832
9975
6404
982
9935
6699
9946
4261
1883
7346
3624
3656
1807
14212
5860
5946
6346
679
11565
7957
10480
11680
3936
11119
11887
1951
2588
3529
3151
2846
4445
1479
8966
12853
12968
12915
2375
5640
10526
6837
12330
7620
6725
12624
7501
12170
8642
9123
3097
13262
8304
822
13988
10348
5904
1180
6172
3965
1424
165
12806
4803
2681
4094
6803
9328
9833
3825
7143
12635
12119
8469
3765
7009
9966
14556
14544
13667
14251
9596
2336
6501
13344
10406
6276
154
12368
10986
4810
2142
6622
3106
12696
11167
5556
13832
2302
506
7677
12195
3252
361
6232
5356
4108
2032
11803
13823
12649
12700
5983
6092
2984
13338
2070
989
14092
11375
657
12203
9407
13025
7909
10920
7216
4690
12583
14156
14230
11489
7162
12884
10567
11358
13033
586
13035
8714
10079
10811
2287
10899
1099
5832
9325
2811
8468
2617
4760
10726
8430
6574
14321
289
12090
10239
4651
5148
9292
871
12445
9241
14189
10448
12086
12073
6164
10964
13923
6105
461
1827
14306
6709
5902
10701
10355
5761
6158
12244
7689
7039
4888
8653
14313
1524
5234
7004
9543
12573
6820
10380
14202
644
3179
7397
5873
10127
6167
746
14319
4437
1321
14264
3535
1782
2454
6552
13648
1620
2362
2289
4268
11736
662
12352
5489
9810
12384
7237
11649
10411
6984
12069
3355
11757
2230
7708
3913
6305
5347
4255
2866
8585
7262
6629
13698
2615
2783
6976
11826
13376
13365
7936
8271
4955
5125
10248
4662
10132
676
12040
10714
3806
14361
10764
10407
5327
13758
14593
2899
902
7842
1068
817
9055
8232
8248
2322
8095
10995
3732
800
12610
9956
13330
4916
8580
11114
12495
431
1773
1377
10026
13200
14331
14113
11300
14100
8974
10775
3020
11528
11871
8684
10516
10827
11139
13659
11554
8697
13941
10932
2072
8978
5175
6182
2778
11954
2246
1669
9081
9192
36
10521
5298
9200
2557
1956
6956
5821
1682
7859
968
7230
4836
5984
4305
11118
4270
10680
6545
9527
695
5587
4030
8039
14519
9566
13081
3039
1296
14575
256
12856
2525
7463
7948
4750
10531
3353
2049
12096
9482
8567
5383
6360
446
1677
6091
2254
12777
6873
11833
10980
10799
13268
2957
4491
1323
12221
496
7504
12633
5747
11571
8547
6864
413
7847
5319
10833
10952
11302
7000
1953
2520
8987
8173
8524
11656
13054
10181
10556
13899
518
4141
9560
6406
639
3969
834
2174
4862
6742
5341
2109
5253
9413
6676
6662
11702
10659
13379
9196
13673
8270
7418
3714
14448
10045
3451
3839
2582
10399
12132
4871
8612
14562
14003
2977
5496
7512
7446
8284
7548
5696
11060
7970
9660
5030
7834
5780
14393
9738
1399
5354
14029
10624
5853
3912
5723
10122
5889
1734
5530
2527
2805
10104
7821
4336
11705
2131
3026
693
7436
7544
9703
6539
2442
5700
12332
2865
7529
3833
11737
7730
2083
9463
2735
8118
5755
6651
4252
12284
94
11021
12002
9734
11236
3924
1272
7855
10395
686
10423
2976
9649
4306
6398
8421
8504
10434
9732
6682
4201
4287
11270
4258
4284
10301
8643
10101
13312
12008
979
4808
10312
9704
4236
6020
9069
8067
6042
14149
3876
13853
5255
4101
6817
11546
7241
8156
10752
4765
10337
7011
12980
2813
7571
6473
12496
5591
14231
14513
11178
2167
12524
1999
5172
3843
4355
8671
2204
538
4008
3165
4596
12730
5651
6925
9790
8893
3617
11828
14559
6275
933
11891
7809
10974
765
1768
10936
1723
6442
3089
12857
9559
3600
7283
13596
11849
14467
12087
10449
1499
8222
11579
8718
274
2409
5003
8297
2963
633
3831
5246
5133
9049
5562
7024
7449
4345
2970
4095
12938
2411
10185
11441
9388
3804
3545
8443
13944
12626
11382
12671
1251
9607
11357
2255
3413
397
3199
2351
13812
13939
1786
9859
14066
8509
4411
12745
14466
3573
3090
12049
4324
347
4330
6903
3083
8362
6854
13423
13359
6525
3223
11722
13620
878
12131
3783
11332
5114
4071
8288
4128
12704
2259
799
8860
825
9173
9555
3639
4175
9016
11147
14577
6569
6705
8969
4106
1877
7804
6458
2017
10692
2162
13676
10465
802
14186
3672
8234
5176
2030
3164
2044
1608
13936
4296
208
8376
2950
1091
6070
8267
11289
2095
1912
14372
6308
2722
7776
13799
2839
3892
4742
11852
4303
471
9275
2561
7041
722
4709
6759
12931
11150
3875
11068
5380
1519
8740
582
6311
4638
8722
13548
9435
8761
6288
12538
2152
4383
6644
5304
3127
6965
6918
11934
8517
7178
10931
8912
11503
7563
6197
12075
10387
9907
4938
5839
14309
10188
2802
10418
9870
4893
12684
13266
1349
146
11996
844
7568
14024
10385
4385
8108
9801
13385
8131
7061
6727
9120
655
4607
1194
1816
1412
2120
8992
13337
1093
4834
3534
13910
11902
14146
9278
11660
67
12493
11970
9595
6547
1102
14042
11704
7071
6365
11651
8698
2134
11366
12429
4286
10316
7125
10084
1388
2961
8644
4570
5964
3680
4493
1780
4730
5748
10606
8569
7498
9079
1128
7315
11394
2159
12056
13640
4658
12398
3616
2897
1074
1301
311
11538
4159
11963
6879
1421
4310
503
2223
342
2342
13435
10483
2029
7167
4533
427
1829
9712
8293
8109
4407
6544
3544
5373
5357
7854
1864
9304
14357
6258
766
11462
11444
3134
1493
3576
2750
3157
40
9067
12584
14400
11420
5240
13319
12741
11031
1611
11628
5989
5823
5621
3746
11045
11313
11221
11665
4635
2381
1361
14378
74
7557
13341
13048
1876
9717
5614
11924
423
2782
6659
6351
6571
4230
4876
5247
4705
3061
6664
884
3598
6509
5963
9903
12414
8958
3755
9305
10390
1623
3749
4925
434
12995
5330
6341
6863
2663
2136
13646
2528
808
7259
7310
4743
9707
3725
10175
1798
2933
442
12292
3771
11354
151
4004
7016
5108
13399
3888
12273
5790
7457
2234
2022
6304
997
7681
12769
6747
8906
5571
14205
11644
13493
5312
2898
13546
1881
4740
9299
4058
11637
9682
8367
4195
13085
9227
7144
10356
3254
13930
3352
7872
12930
11764
10331
7231
3421
5494
5512
10587
6594
14336
13446
13245
3513
2870
3827
3363
4718
5469
1071
4685
11900
3978
6790
13869
1247
8544
11251
3595
4063
11314
12545
721
1290
366
4378
7479
14134
13859
11849
10332
291
11802
9552
4920
2576
12876
7552
12955
5178
2166
11259
96
5698
6325
593
152
14520
1560
2
7488
10087
4487
7720
996
3632
10192
3452
11512
8713
9730
1257
2133
5119
8187
3973
708
3424
1315
11588
1584
2849
6205
13893
12798
11993
9639
279
1576
8328
9131
13075
83
12726
23
10274
3327
12637
1331
2368
2673
2275
1338
1543
2971
3901
84
942
2573
12402
12396
724
12725
6436
9988
14136
4563
11137
9858
3717
8070
11766
12050
5752
10334
8537
11405
14232
10881
14491
498
4905
5504
6927
14512
9281
6052
8629
13670
11636
5039
1537
514
7170
3178
7335
11389
12632
8870
6280
10610
4436
140
539
12627
5976
508
2376
14540
6815
6614
8633
3698
583
3337
9274
11277
9681
4911
4424
8063
2391
6829
13100
9182
14046
741
9546
8605
4078
1158
4192
6772
2400
5006
1982
6566
704
13533
5650
14531
11102
13957
3008
8986
9637
6941
12242
7751
12919
7327
7777
4351
7931
6850
9770
9140
11906
7456
13456
3628
1693
605
13423
8111
10397
8802
7316
11666
3764
10370
1366
2390
2262
1423
9331
3006
8135
9544
3661
4847
278
6773
12404
5844
1033
11427
2987
14563
2311
2232
11252
11880
9620
8103
14125
3681
10501
386
14197
11052
2526
3149
12787
6694
13020
12540
4993
8323
11878
10426
11719
9487
4637
4137
4990
10474
2862
8853
13801
1219
11056
9112
6079
8286
2380
5192
2831
2886
3431
6581
13485
8217
3566
2569
10339
6017
3710
5505
11874
2949
9139
12677
1860
7663
2478
7300
3991
11956
4092
2958
3754
479
2926
7138
10345
13244
11175
14080
3643
5193
10230
13731
4698
6587
2377
5783
1916
14195
7717
10134
2004
7580
2213
12882
6970
2021
7988
12305
2427
5915
4595
11400
3277
1969
8349
6506
319
9203
13558
13071
3734
2493
7317
10786
10908
12537
8542
6703
938
2410
6523
711
1181
11195
10621
398
408
7304
4895
8375
5083
14110
13119
5769
9827
1125
5785
9250
9865
11111
6497
1987
2003
12625
14527
10886
1134
7559
3268
9567
8124
9242
7671
277
14572
9795
2529
9977
5422
8228
2755
2620
10505
11548
5439
11391
12077
9904
11214
11363
8195
3800
134
1342
5370
7553
12575
7381
14099
7095
6117
3506
7644
4479
8505
1024
3040
11088
4068
8521
4529
4581
9044
9483
219
9958
13757
13741
5184
4122
7406
11774
10352
4858
14463
12614
12723
6987
1624
4921
3733
4139
3247
11748
4630
32
11870
7054
14304
14366
14509
14611
6849
5163
8758
4864
11351
641
9618
11662
11946
3046
1630
6108
3289
9175
3434
12104
12442
1670
7377
963
9220
8158
9849
5199
10657
9561
8806
3346
9812
6768
168
3244
5643
6019
7248
3112
3475
7668
9434
2836
14471
5501
12331
9493
8519
13865
8923
2011
9051
6624
7118
4290
2056
4738
11431
12650
6029
12478
13908
12601
1580
1141
1792
2023
13816
14369
2578
2369
3589
7572
12511
11490
12566
3379
1297
5313
1392
6306
2102
4536
11955
10530
7881
2857
13626
5667
6706
10055
5323
13218
14247
385
4777
173
1463
1368
602
8201
1804
6368
9415
9784
11915
13745
1676
7197
12234
3041
8550
9949
6555
9462
828
10263
2696
5501
6144
1583
11016
9181
3101
5245
5280
7945
2859
14162
2901
2282
10077
12836
4489
11090
5928
13192
5059
12392
1954
4028
5104
5387
13353
3150
11560
1097
8726
8364
11966
10900
9714
2312
720
2047
11506
14080
10216
9237
29
4971
4213
6922
12156
12166
197
275
5688
4415
14403
6330
597
2928
8930
9401
8834
12957
7793
3626
13720
3853
3269
9782
6865
4542
6266
9077
2716
8022
12820
1136
9481
4848
9536
7924
463
14174
11163
3103
8766
862
11843
5799
12165
7211
14009
4796
2075
11706
2320
13225
7032
4603
8935
8865
8759
12509
11262
1588
5586
2457
1369
10344
6688
1171
6926
11714
12361
6841
8379
12525
9322
881
12536
7288
1642
7697
3773
8710
5318
3246
13925
6786
2144
8166
2612
4151
7080
8456
8025
728
8952
3686
8975
10959
2220
12960
7962
3761
9372
13806
2099
11772
1995
9054
6628
6798
11135
9088
7510
10696
5901
13170
11271
12782
12366
10504
1502
4771
1645
7222
12659
12766
7278
5196
12615
4103
5278
13849
6804
9915
5690
6950
14250
13639
11176
7871
4863
9437
3737
8282
13542
3029
723
10030
5012
11515
7797
10979
7603
5188
12268
11491
4840
6776
4167
5599
7907
6591
13032
5768
6372
4510
1178
12859
10276
5228
4561
1117
1419
13591
13945
1739
174
1762
719
8385
10009
14360
7853
338
926
1685
13390
10233
211
4309
176
2822
5054
865
9262
987
8885
3274
6919
1810
10509
8072
8560
12426
12535
3958
9307
10564
13921
1495
7199
5122
3081
1695
8279
3273
1261
10533
8183
1993
2250
8170
5005
5166
318
6039
552
9829
10506
4894
5880
6691
5932
3781
13786
13668
5771
12192
6183
6993
10990
13973
6249
11919
9189
13055
3798
10700
6285
9253
11454
2384
5575
9964
7656
2061
4090
630
1313
2679
6437
7703
7783
2034
740
6716
804
1266
11307
6828
4211
14106
4076
370
3973
11004
4115
2917
4119
11120
8621
9354
12999
3703
13021
10266
11464
7190
12438
469
8957
12222
2798
14067
6253
3999
1148
1483
13206
9510
10580
5885
513
703
10136
13593
7561
3846
6647
13797
7495
1559
11403
8602
2837
3140
14045
6287
5452
6445
1651
127
7008
12449
11681
7268
11226
13581
11230
7954
47
6757
12164
7286
12228
307
9595
10877
14228
6910
1256
14023
418
11131
11228
14354
12134
11781
7664
7378
12719
13578
929
12355
11600
1866
8153
11304
327
10796
6875
2690
3870
1781
9583
8224
5021
7314
5095
13322
12887
1707
7374
2487
8363
2184
976
14032
10641
8089
7922
14565
3540
7755
14420
4598
13956
6507
2539
1765
1962
50
4143
9380
12609
10656
1557
7732
6122
507
10454
3229
11682
11520
3210
12497
846
1839
1484
905
11453
4132
9362
10928
37
9247
9845
2879
6685
3819
13279
12564
4164
1917
13708
962
13143
12697
14350
4176
867
2558
4037
299
5835
9323
6004
3639
8152
9142
1066
6270
11344
12946
1005
2507
7037
10868
1161
10290
12348
1474
6869
1955
12516
12252
7081
12224
3290
5975
9132
7385
4145
11959
2781
12644
8809
14265
14487
10033
8450
11166
4344
6178
12289
2016
5154
10938
13459
2559
12453
2807
1776
7136
13203
309
10300
3491
14503
5423
6173
5230
5474
5938
875
83
7787
10315
2965
8922
9352
3692
55
11738
2830
2081
9336
12291
13429
10103
12504
7784
14101
1964
3895
4470
6067
14586
9338
995
1653
7757
6568
3700
3731
7738
8474
3856
4968
12218
710
1289
5078
6582
14077
14525
5016
11189
8471
12358
8440
1511
1299
787
433
11909
6391
7597
13666
2079
14588
3770
1553
14233
9315
2642
12378
9386
8693
3428
670
3194
10983
1187
13356
52
7140
7830
6376
12145
14215
3279
12992
14093
13683
8030
10924
1787
2332
10499
13495
11223
9038
6933
7816
2924
107
8549
9719
9149
1539
115
7253
12502
4988
4800
2581
2148
5235
13037
12138
7088
5858
7276
7996
8325
8734
10491
7670
8668
4228
11609
302
3073
11655
12423
12774
8086
13099
14216
7576
8120
9441
13716
13824
6239
1585
6958
8683
7852
10289
10482
11162
10222
3192
14151
10969
876
4279
8591
4868
13018
8538
10581
9774
7350
13252
3042
10776
2800
341
8305
6407
10532
13439
6357
9425
12258
7711
11634
11077
13271
7492
1943
13761
13310
3075
9074
4806
12413
13552
8533
13109
6754
12202
671
1285
6788
5498
494
3761
11353
9404
1284
7942
6170
3195
10072
12788
13080
4453
3278
11983
3696
7505
8720
10257
5187
4134
6471
12012
12570
2868
8189
12740
1904
381
10784
4776
1578
10250
13911
2662
1509
1641
9082
12821
1605
14584
832
9348
1460
13161
9195
5609
1127
3347
12714
13696
5244
10878
14492
5854
11030
3472
919
12862
4266
6425
13711
13848
11551
10142
11205
7792
235
4697
3651
6327
10285
8133
292
2911
13504
5271
13522
2497
14518
11408
5470
6902
7228
7042
11053
1989
8767
352
2770
4513
4384
14386
13101
1477
3720
3931
3350
3439
6016
7040
5760
3861
10994
13087
6579
2091
8364
12243
12199
12597
10392
11061
6444
3407
13701
2179
13575
11825
4232
8785
8508
9294
10167
9302
10589
7362
5197
1329
11452
12169
5815
2979
9343
5460
1753
13329
6533
3311
11555
3092
596
8245
3341
3236
11384
13959
5552
8693
3984
3885
344
2803
870
13067
9289
11009
2604
4717
12558
9296
1719
1915
5189
12269
1774
14089
3596
188
8264
11182
10218
9560
9309
10599
6283
9709
137
3065
10828
10593
10960
13905
13630
9420
13814
2940
1497
4562
8298
6565
8322
11279
2700
2349
10412
8392
1813
10885
13196
8552
2398
8058
2441
12035
6813
14604
4789
1863
3734
8984
7055
2640
13607
11971
3145
807
5389
145
7069
11183
9117
10794
5911
6732
1526
11876
9902
4331
11886
3766
2447
11216
7687
11026
3905
1306
10040
6489
14460
3562
14300
10170
3828
945
332
922
4212
12346
8157
13831
6616
6022
774
1133
10748
9324
11621
2666
11461
6837
6228
12752
9891
8257
2271
13470
3018
1465
10460
12409
248
6696
1363
10734
840
9008
7643
2703
11000
3374
986
4769
11483
5779
4559
13442
12126
9186
4557
9093
6071
310
13510
5288
12226
8751
9807
3422
12484
5600
13261
7265
7754
640
5817
2543
6143
13123
8019
6665
6717
12655
6348
10844
12143
13992
10060
6612
6110
2237
7416
7602
5004
1921
6669
10518
8688
1933
1239
791
5708
14199
9466
14596
5483
13707
10214
12003
12116
252
9486
9283
7984
13282
6352
12606
5753
12196
7299
11412
8615
7683
11789
5554
2426
7531
502
892
5731
5919
3002
5610
1146
1410
14468
615
7481
5055
1533
580
11380
7838
7660
1770
9053
12970
11987
10691
971
9619
11017
13028
1946
9022
4396
11989
4246
4621
5491
7156
8540
2456
1918
13633
3937
10408
7723
5717
9871
6524
5774
4954
2431
6101
12863
8588
10768
8235
14365
7240
1471
14574
12594
4077
2475
4381
1337
3501
3793
696
10338
4703
12837
3450
2705
3019
4657
6562
517
6822
14078
12153
5371
10269
8190
13772
8104
3685
2471
12815
7023
12379
6944
12278
5547
12935
803
699
5088
13822
10939
13790
9671
10471
4711
5452
1525
2734
3016
3133
4377
3176
10536
19
6948
7166
7630
11025
10162
7460
5809
8869
2506
1210
1073
6190
10443
9451
12182
8704
12098
5694
1906
10910
11254
7650
12897
10613
4726
5366
7307
8539
90
10439
9600
7117
1567
1894
13678
1487
11525
3619
2764
8514
13265
8035
7234
11278
5351
3799
11663
6783
5749
10855
12120
9369
3739
13255
12448
7621
204
14441
10018
10644
8961
7896
2746
2009
13828
680
5942
1403
1445
12400
13759
12133
71
4390
12376
4688
12547
1023
8490
13249
2358
7712
4364
8285
11432
14561
829
4978
2124
14564
4329
10771
9747
13393
11057
12630
14043
4013
11092
3721
1018
8182
10852
1640
13426
5514
12903
1488
12295
1769
14005
11973
14613
6673
13871
8914
1628
6967
12281
3005
7693
12458
6643
650
1689
11521
10857
9416
7807
7186
6313
7420
9873
9346
1175
2279
4012
1026
12306
5479
2541
2818
10413
12831
9215
12499
11424
5625
7676
7914
13278
11066
10762
5593
1888
10305
13448
5836
6769
3908
9063
3406
8899
12259
11755
437
11638
2215
12822
11784
6728
2632
42
1205
7667
11180
8021
10574
6761
2352
9138
3679
610
14225
1927
6852
12277
7103
10600
10985
8383
6411
4010
14075
3417
13611
6259
2554
7104
3677
3635
11968
14129
6888
13733
6176
14341
2028
4089
3478
2439
12832
7672
9414
546
9114
7522
1672
5233
10078
350
7243
10955
155
9371
1756
10919
12149
5410
3933
10437
11869
10766
12407
8401
11466
5511
2766
147
1231
6821
14190
11020
11419
14495
4294
8609
6632
11393
3497
7462
7075
1841
10715
11116
14179
11203
4032
4594
820
1431
1803
3757
10317
3082
6522
5355
13845
1506
3507
9105
11855
10912
9986
10802
12033
8532
11130
12825
7302
1777
345
1234
14404
1812
8578
8455
192
10131
868
5077
124
10836
10771
13210
12541
5362
73
10275
4386
12620
9989
12265
1081
9099
11894
13545
6389
9928
9601
7401
12506
3648
11913
6797
2354
10548
10383
13499
890
2512
6254
10141
5786
2189
13685
2853
8489
9521
4439
6455
14573
13592
12792
9876
524
229
4393
6765
5274
3609
11442
9662
8891
11411
13280
12285
4337
12425
12905
10333
9930
3105
12372
1461
1535
1045
9687
10686
1438
14048
14140
11693
4514
7788
13217
5960
7547
5742
3248
7035
5260
5308
259
13597
8677
5254
11978
3614
13277
6853
3971
11814
8882
8012
10829
11248
7961
12088
106
9539
7396
8386
2224
10705
4316
11988
2593
2173
8920
11654
2929
14507
10442
6235
7485
9982
10068
6064
8826
1661
4052
14206
13603
6994
11532
6456
1545
9803
1325
8461
8610
10189
2867
8181
6037
6012
7429
13744
217
3339
2066
8360
7372
4761
3785
6450
4783
11085
2155
13060
4525
5061
13476
1291
9705
3620
2338
12901
12294
4820
11201
3074
7070
7611
8026
8959
760
9820
4027
8312
3690
7098
8515
169
4733
1137
1663
2935
13754
436
5162
9094
282
5273
8373
13518
1354
9187
7584
12300
8348
9605
1468
2867
13175
9129
7589
8113
4549
4807
7992
3414
1629
9318
11008
13579
5484
10363
10220
12204
11347
5707
8748
5331
1044
11095
5200
7049
7680
156
12210
13339
8821
11096
12423
4111
13343
3351
14432
10819
2359
5209
2972
13794
13066
10909
2887
8068
613
9994
13293
12617
1886
13850
8090
5066
12778
5894
4654
383
5633
1505
1434
1851
4758
14039
12574
4274
10044
6136
3959
12271
1594
10821
6267
5904
9213
3364
12888
7235
1660
3569
8099
8314
8820
3083
5238
4963
3774
253
10427
2406
14547
6985
13388
9948
3034
4502
11297
14433
4989
13463
12631
210
1717
12663
3509
10090
12657
5544
7655
12860
13559
14408
6529
6408
989
5401
14514
3458
7151
5243
2806
54
5208
9238
6485
9350
10140
4379
2010
9791
2433
1974
534
2634
545
14532
6701
5887
12961
5082
7889
10649
3925
481
14494
11285
6796
7682
12827
9467
3100
1212
7913
13855
14522
6677
527
8448
3411
10441
8125
5808
3189
2907
7266
13512
9370
6115
5746
13285
14253
7128
780
8496
5985
8897
6007
12804
12042
5784
6274
13820
10486
7794
5138
6503
3735
10137
10709
4475
12207
6161
13153
14461
6384
8140
11841
3801
2415
10615
2041
5795
8397
399
14446
4049
4979
4811
10012
2340
1737
33
3585
7059
6670
6323
4809
5011
410
12256
13704
7027
2794
9130
6935
14291
12737
6393
4766
8500
7981
1265
14076
2872
8215
6082
14410
6915
9890
1957
14120
8123
4399
6785
5759
3235
8488
1063
8064
5268
3748
6367
7455
13163
8919
10036
11691
8840
371
14268
2646
7380
923
3369
8557
5884
11864
12357
5444
1763
536
8559
4501
243
13352
13464
5517
12562
6435
5264
12703
4816
7577
5179
3557
14158
5538
6087
7193
8662
4498
13036
6199
6140
4700
10933
12123
7968
12932
12365
12675
10361
10718
12079
2532
13475
3171
138
11604
2718
13458
9900
13246
12883
2147
8858
1168
2420
14453
7337
3085
12833
3288
651
13438
9219
7277
5892
9436
1427
7758
14073
2988
12973
5027
4057
3066
5402
7779
392
11225
5542
11232
13371
3791
10389
11622
4918
10117
13524
4457
7610
12519
8574
3276
4327
14272
9816
1878
6668
11124
4609
9598
12474
1616
5403
6099
5991
702
12643
1696
1348
7733
10888
13635
5914
10048
3479
1030
8879
1771
7010
10694
6281
12996
6292
9711
13009
1322
12070
2690
12705
5598
10897
3852
6303
13367
13142
5294
8494
8833
9763
1466
12934
12353
13684
7338
4524
2326
4984
7393
5824
13623
11910
4778
12595
12390
4243
10244
2848
1840
5413
10402
3743
4896
2068
6490
4997
5540
7772
1013
10065
12847
9163
1271
9823
13392
2401
13111
444
1908
8254
10115
8953
12791
7164
1405
4982
11537
13491
2629
10152
7132
3180
7110
6882
10512
8944
13547
1844
2824
4040
11769
5277
4430
13063
861
13052
6771
3762
8778
5869
12613
12015
10745
3102
7135
5990
6834
563
7647
11448
12861
13404
1106
9456
12313
12634
4363
14131
11220
3747
833
7944
924
14382
12298
8937
6855
8625
5866
8319
6698
4728
2264
12179
7593
3148
13818
1398
2353
9545
5363
13662
10148
9648
1618
9962
7291
3065
3702
14418
8112
11437
5585
850
6302
3218
12501
12828
372
11608
2980
1941
272
8645
4947
6314
1546
936
1919
9295
4054
13212
14037
8480
7987
13276
1691
1621
6842
2111
14424
9351
8741
809
0
972
6731
8765
7351
4530
13424
6057
3344
5677
14431
4444
4221
7207
5718
14065
13913
1298
11104
6195
4753
5131
4403
7326
1733
12775
12447
4696
7848
2832
5396
10869
13417
3169
9553
2135
2149
7658
9240
14035
9460
2614
12461
3290
7843
1028
9368
12093
3865
6113
5939
2880
11929
3095
162
5009
8799
1318
9234
4830
10703
8791
1132
7020
10375
6917
2236
9537
1084
4680
8962
4264
1599
1034
1889
5325
4017
10310
1121
12055
5566
904
12183
11508
2057
4532
7124
6511
500
4263
4026
3493
10635
13191
6749
11496
14330
8523
7642
439
2996
2193
12476
11672
9061
2272
4269
14389
8851
11007
12731
5306
11157
7883
2721
2637
11770
8329
2625
12213
6980
5015
8327
8705
6876
1794
14068
6269
3599
8787
10541
11633
1078
5518
13507
8465
6093
12796
8139
10583
7114
5907
4974
5321
8394
11674
3549
1046
6999
13854
5508
7127
6231
14118
2126
10578
5805
12172
10502
14370
10738
14191
5867
10517
6293
9393
5917
3464
2324
13164
8449
8709
4112
5121
1718
11348
3903
810
4223
1447
2476
6577
6036
9905
4486
7893
12578
13374
1615
13043
5316
13554
5883
438
4304
12514
8487
2117
13401
4973
1355
4779
4055
12325
3809
6255
13574
7846
11780
13114
10153
6585
1871
11457
9494
9523
6586
10416
835
10962
11791
10279
336
2096
4214
1775
5551
7196
9967
5770
13732
12790
11847
14405
5515
8593
6827
11003
1542
7645
8836
10550
916
9768
3489
1937
4302
10583
6657
6777
13487
1207
1512
11809
5013
5649
13792
14385
8425
8691
8716
1222
12412
6686
13381
13785
10522
2654
5645
9824
1898
10287
7930
10689
3474
3358
10468
4647
8199
10432
2459
7060
1743
5944
11132
12091
9135
2435
13976
13348
5261
9609
2392
14072
1654
521
9065
334
9684
9843
9676
27
4907
11497
10823
9358
13809
4009
11650
1522
7638
6885
2130
499
537
8634
1571
2579
13655
11127
2339
9316
1339
5190
1302
10991
9260
3533
13519
14122
63
263
5582
13211
3516
13291
11265
11811
6358
6430
1236
5408
1397
12237
5236
5302
14256
4476
790
2073
402
1688
1663
10760
3694
11798
2835
1436
14283
6250
9922
241
12830
1260
6979
483
2038
11487
2733
3366
1250
6335
4398
7829
13030
5441
3792
172
5448
11586
2274
1926
9643
2916
11671
7941
9459
12038
3336
6464
964
7342
226
5177
9210
3539
333
12672
9647
11535
9159
2647
10948
3445
5741
3836
1069
14546
13361
11246
3022
4906
7973
455
12986
9287
12503
5693
4732
4382
11951
7704
2005
4244
11626
10405
3716
6000
3271
12136
13793
5388
1208
9850
10014
8202
10391
638
9518
1579
1501
4433
4354
874
3689
14411
13610
11245
9236
221
5266
6983
12487
6627
2182
5052
9758
7257
9937
4353
781
9846
1821
9603
9882
10013
13729
864
10292
5042
2201
11087
4599
1225
8146
143
3649
11984
5488
2713
7756
2939
10662
8453
231
3163
3642
12026
10067
4409
6965
2922
11188
14619
2895
11725
1728
1711
2158
3891
8301
6247
1014
14269
8534
701
1204
12619
681
225
10906
4177
14082
769
8776
2894
2546
1984
8702
9612
12386
5618
9757
6166
1712
9831
13583
10652
5880
9837
12717
13215
7025
12997
5502
2444
8244
9127
3323
12685
3182
8161
5589
6648
11767
6836
6212
10671
5918
3871
5443
10996
8674
298
12246
3483
9258
589
6171
7029
1885
7761
12312
8863
13205
6469
13771
1723
5818
6600
9154
8980
814
12018
8451
13564
12540
8862
4404
1637
8082
6908
14568
9753
6806
1901
14310
10000
3094
14000
11325
6928
14200
12598
2019
13672
13134
8441
2626
7868
6324
13971
606
4990
11578
6062
14498
642
68
522
1294
11950
8808
8502
5568
1680
269
9228
3790
13273
9713
4880
5570
6825
5284
827
5147
7052
12078
3837
14444
8619
7845
5510
10219
548
6461
5317
4357
1603
10256
39
2243
10950
12180
652
778
7328
13105
1324
4098
13942
7481
5414
3086
316
1862
10984
5972
10123
13454
8429
2689
14041
11107
13124
12184
421
9422
2438
5623
4410
3776
1420
4961
125
8204
1437
5031
7997
5139
3220
4601
14377
12881
2948
13479
9844
1701
6154
4311
6399
2760
12215
2175
9509
9268
475
5017
12933
9621
9160
14423
12797
796
1139
10809
8042
79
9474
314
4194
6889
5637
1362
11867
12099
5016
10670
9224
3664
9818
5063
11806
5223
4096
405
4985
5797
2284
1347
8694
8954
6067
10267
10704
10415
6248
5337
7569
8878
1778
11238
3860
1494
9461
1531
7175
10922
3907
3259
8406
6245
8989
12323
3380
1748
9340
11805
2740
2002
38
4602
1602
511
5265
13985
9640
2247
11743
566
7045
9273
3368
9
6794
6491
14155
13320
7943
11648
9587
13084
9233
14589
12411
1221
13076
13090
12651
682
9366
10121
5091
196
2676
12391
5612
5069
12477
2876
11308
13382
2253
4616
7916
12530
13688
13150
13567
3740
7141
3309
11426
675
6242
13477
7702
4288
113
11822
7651
8403
12645
12081
10496
667
8611
9128
13882
2915
3249
4315
9317
5557
5954
8661
10814
3437
4891
1449
8760
637
10647
3883
12793
13714
10903
12854
4707
22
3751
13669
5461
9697
4548
5213
7789
13833
9064
4166
3532
4189
7701
201
14504
12345
59
4046
2785
6402
13798
11754
9417
709
466
10283
11940
14497
3203
1804
14096
11830
9263
9499
12872
11960
1936
2919
6755
12102
12496
3454
8795
9942
13987
12760
8366
6420
3293
453
8230
9454
13702
9279
11479
5666
1303
1577
2883
1914
6048
4950
2157
3201
11953
10321
585
3054
11434
11013
6423
8854
13895
2308
10708
9101
14171
5545
2726
6481
7065
5201
11905
4912
13755
193
13756
1789
907
9658
4088
13931
11333
11060
9171
13681
12437
10914
4723
3088
322
13991
6219
8827
3977
9908
14139
6179
11234
10186
5831
10369
13627
13713
1726
4448
11160
3526
13712
6044
3217
12744
1534
7091
3226
14086
1443
5524
8433
4400
11957
8725
801
2468
9185
7258
3812
8004
4909
4667
8415
5283
3135
5997
4158
9793
4826
10695
1170
11140
10702
9750
10913
6139
6291
1523
12771
14183
8084
7260
109
12085
14303
13693
8527
2251
6460
1229
12870
10056
9913
2382
7526
4786
4205
13274
7819
4183
6746
4320
11498
11014
11976
11659
8617
9700
3443
7699
6724
190
4466
7356
6745
9519
8419
10723
5641
2683
320
8000
4747
4025
9385
3927
8770
8148
14465
7736
6936
10870
123
13788
4256
406
2707
7220
2925
10109
9008
11746
11303
11499
7105
3805
12339
725
6363
8048
4865
8210
3162
3942
4011
4901
1006
9862
985
8963
14007
9853
11965
8856
6061
541
11807
5891
11793
7947
2090
7795
893
10606
2008
12987
9176
2717
14214
5463
13909
999
10561
10455
10859
14160
9767
625
69
4755
9554
3981
7093
357
3802
6147
6103
6477
7835
5927
8240
91
1163
4080
7459
847
3911
5830
7753
4215
6572
8047
14301
9158
5070
8391
5738
8586
2694
9271
1659
9925
13723
2252
10097
7486
3588
13370
375
6165
11739
8608
8356
1312
14368
12349
9628
4794
2466
8001
6200
1492
596
12410
2903
2154
2350
3305
2238
121
10445
14278
14095
11677
7329
542
12917
4285
14297
4544
2510
5286
5564
11018
8265
10953
8650
12522
748
5130
1114
1206
2472
8597
14500
3438
3234
1945
14479
14227
4842
11485
11510
8053
13511
457
1252
10051
7355
14169
474
7180
6589
2024
2534
11355
10921
9693
10789
13599
160
2572
4866
9722
3209
4249
14505
14355
10054
13614
2012
6893
3889
9375
3321
1914
9062
6906
12283
2914
11121
6946
3027
12965
2932
6220
13907
7734
5430
3951
14478
10523
7624
9007
2178
12058
3567
953
1130
8059
5326
13706
12083
3989
2210
45
12693
5681
14311
11493
3994
12297
11410
10005
12754
8295
8638
11328
9530
14381
1073
5781
13867
6734
8743
4531
11574
7710
6296
10
2483
7646
3810
14196
2942
13935
11361
6116
12715
4656
1327
10552
6217
10772
462
1012
12296
8005
13159
1426
4924
2601
3605
1439
7636
9529
7001
14015
9326
6597
13243
992
1373
2105
14451
6216
11835
2319
12415
4257
5553
8848
4585
2283
587
10063
4449
5111
10377
1217
13002
10358
12141
10166
12037
9480
9477
6995
8497
11752
9206
12084
13641
7741
13663
5038
535
1224
388
10904
11129
11500
2465
13618
6215
9633
11530
11109
13158
7669
158
11478
9166
3665
1356
5340
7599
9651
13534
11744
7849
9969
1425
5293
4892
1508
3910
6578
14506
9875
1633
1098
13862
12053
2791
12422
10566
13724
9855
2893
11237
13703
12108
13883
4845
13251
11685
5374
3386
13982
5369
11742
2514
11903
11028
4242
11312
10650
2808
4020
1223
11710
153
13892
6359
13019
7263
9095
5583
10330
6410
5661
10856
5757
1060
9429
9632
7809
14102
7967
10143
13031
9669
14173
6483
3829
5445
8995
4353
13856
13817
9307
6907
2007
11524
10765
5807
5673
4618
268
2407
9448
10047
13647
5117
4059
14452
5106
6321
11047
5395
4802
1341
13186
12979
2127
3612
4081
1020
6027
3283
2864
10273
6504
5724
2553
12722
1086
14615
5527
2276
7759
10260
7912
5049
7799
7536
179
14246
598
894
8701
4322
8907
9397
12929
11335
11947
5350
5353
8788
5087
5307
12397
10838
13230
2777
7998
1009
12748
8365
12031
11006
220
11875
2180
776
9809
1243
10632
6859
11213
11108
12899
3920
3067
95
5871
2643
9780
1441
5212
12814
246
1053
7590
223
2592
13984
14061
7775
3965
286
9861
698
1859
13349
2417
4469
5361
9654
11885
13783
10674
8378
11879
6156
8745
13796
12893
8579
8303
2388
4402
11051
4903
3558
10459
271
373
12189
5567
6610
2206
1850
6764
6707
6492
283
5315
5285
592
1825
3295
3385
5816
3597
12241
2316
8122
2464
7635
13990
2918
4360
854
14328
9864
9923
11337
2118
14138
7149
14133
1416
13000
1140
12433
11435
3850
6641
5025
6887
7057
6488
4678
13064
532
5107
5627
6526
1364
3150
9744
400
3098
7895
10229
4554
11783
13888
648
11371
6414
1277
9428
6982
1799
13996
1052
10757
14476
3308
8669
813
3107
3484
4129
6945
5608
661
954
9568
1047
3473
11417
6860
13017
11488
10155
9886
14022
9004
10021
2291
367
9971
3676
12205
1389
7083
8846
303
6388
2555
12370
11597
9006
13680
798
11901
6429
4146
100
11181
13938
6515
9078
3704
3427
1510
6188
2233
4210
2902
3744
9616
8452
1731
4509
13461
5896
617
9760
6127
3760
2151
12664
2834
13880
2036
12738
8128
10473
6153
10683
8299
1741
6992
1386
879
2161
623
10891
8571
14322
10038
2418
13949
2217
4313
12706
12767
7938
6593
13162
6396
12952
10937
4388
692
10558
12454
14071
1151
1647
7249
9961
4317
343
11341
8902
5642
5275
558
10462
1697
3753
8330
7458
11761
7524
6543
8213
9381
13553
10231
7532
5115
547
11840
3541
10001
8565
9409
10467
10209
11379
6556
4712
9919
8812
8320
13815
2991
14447
677
1806
9874
3312
11039
1113
9634
772
4744
4130
8600
5497
7514
8017
12451
4828
11683
9297
8226
6347
5699
816
384
3675
535
7321
14033
6030
2828
11211
5662
13619
14074
14163
1199
3653
6527
8682
6118
5658
646
14380
5221
2242
3442
8477
14442
8898
3021
9806
10252
9345
1201
1448
11383
1375
8028
7442
14594
7214
6157
10763
2687
8735
394
11387
13232
2207
611
4001
13362
9635
7184
477
2132
13625
13305
1237
6774
8347
11577
9442
12063
11385
7198
7349
7919
5897
14277
2453
13012
2098
393
688
11808
13376
13587
12159
7982
4248
1096
14001
4795
669
9675
2847
3251
8551
3225
2386
11040
13207
5596
13493
12523
9614
12785
9019
3808
323
13643
10651
11618
1573
9522
2992
6726
5126
576
3504
13005
4725
12350
3734
13269
4511
407
14012
11862
4367
12025
10679
2775
7695
8233
3466
4312
3463
6932
6415
7296
11533
10805
7202
9089
7748
7923
12802
8259
12225
12544
2372
3114
8134
11144
5291
8290
13449
2767
3561
14323
8015
9058
4007
110
1625
14464
10887
12001
8140
2655
9239
12362
5053
10949
557
2480
11614
12071
11044
11865
8596
4687
4999
4780
8386
731
6536
1450
5822
9122
8446
14016
6193
10728
77
10177
9475
78
9341
4428
2692
12024
9894
13415
4613
12660
10085
4018
9992
3262
11930
5317
14004
330
9749
6795
11635
3519
10050
8530
496
11290
14237
13915
4276
8306
93
2799
3240
14051
12939
6955
8529
12245
8583
12924
11451
12974
4341
8280
9952
12885
6243
12638
13148
14324
14430
1396
4346
10653
13397
3429
6697
900
2675
11786
3923
7811
7238
1384
6801
2553
11159
2092
7005
6719
3872
4182
6620
4586
8977
5419
1043
6132
7594
11975
4222
486
13307
3031
3108
4606
8409
13221
8628
4655
4347
8463
1679
4715
6453
14031
10253
11669
1193
13091
5237
288
9012
4418
8729
11727
11859
5782
11145
7433
3705
11580
11952
2110
1575
12695
4512
5993
6179
1376
3683
7766
7239
12317
11873
10135
4757
4051
8475
10364
13929
1446
10421
12009
2059
12864
9729
2434
5000
7146
10555
4042
195
13358
4600
11079
13781
3674
8043
13861
14533
10241
7094
6898
3673
10262
601
6031
215
8381
620
901
11334
6447
10894
3109
2552
6752
745
108
12167
10664
5458
9611
9432
565
12154
5477
10872
8066
1978
4814
13763
12845
4781
5665
10687
1986
8749
11733
4910
11501
6513
7898
3121
2523
5712
6126
5217
11992
13174
2575
10110
14114
5613
4919
12668
10830
3594
5846
12157
5041
885
859
13308
13219
12036
12135
13580
8418
4070
13808
13539
5555
12105
11938
6890
64
12686
11194
9205
7273
10782
687
9880
3736
8956
13877
8825
6462
9999
7246
7368
5578
11511
7102
9198
10604
5378
5937
181
6387
8358
11972
6472
2367
12441
10042
13705
5076
12877
14436
13943
12261
647
14198
12756
654
1716
8945
6730
8982
7476
7347
12563
2054
2758
5923
9720
11942
9349
14549
2602
8908
14598
8402
13661
12014
5433
5171
8266
11567
903
3361
7189
5490
9218
2913
4417
8034
6951
888
6428
3881
4791
6573
5796
5921
6975
11153
14081
5242
8395
3583
11765
11818
12534
9001
11477
5365
10299
8900
2680
2888
7324
11345
5044
7614
6138
599
9896
7675
11037
3723
10226
11762
5969
9997
2084
4790
8724
9286
14108
12029
13165
7236
11845
843
6192
6010
12041
12092
5521
10949
2765
12869
4884
733
43
8513
6914
14157
2200
5467
13069
4190
2780
12173
6459
13405
8573
14109
3318
13782
4900
4522
3769
5431
13739
14242
3498
13421
11012
11914
4021
11395
14188
10740
12290
2709
5519
510
1064
584
4839
13468
10079
8260
12403
2622
3646
2477
11465
9180
11215
6256
10568
11482
3630
3548
1996
3444
8528
5810
1491
12201
5692
13003
10396
10812
2042
8492
5740
7887
1674
8790
6960
10284
6870
4959
1563
2799
12629
13721
8889
556
13335
4323
454
550
1454
1991
4922
7038
10660
3550
1333
10327
13520
13560
12776
8294
9330
5231
1334
10987
8904
6262
5132
1153
6370
6874
3893
4663
8657
3119
8209
3669
8622
8844
540
10898
4496
3476
797
467
11842
9813
1868
7657
2521
10280
1162
12781
7831
8999
7270
9788
10393
409
2119
13765
11080
6337
9792
7026
13166
11386
12676
1612
1902
5971
5336
7978
5632
3063
966
2586
2346
1418
13509
4832
11939
1514
8353
194
8476
13586
7866
3610
11558
8805
14469
11980
2347
3902
849
2288
13288
12416
7902
7496
8875
13188
3634
4815
7851
11409
11625
3072
2951
7822
10577
6185
6494
7056
1944
5669
5791
2661
13994
9815
5227
12255
2730
10684
12459
3175
2995
5367
13176
11935
7115
1747
2628
14320
13805
8071
13972
8458
14056
2698
2387
6427
4972
6530
11276
10926
525
12750
9667
10302
11611
2125
2533
14018
9276
3110
13328
10665
9243
4929
4653
6989
4841
13901
3049
10240
2631
177
13675
5161
2307
11888
8132
1552
8060
6065
5776
8925
14358
3487
3684
4362
14091
5955
10527
11907
13595
6681
8398
13778
5789
6538
7427
977
8847
2648
6943
2729
2684
4318
2699
8936
9570
4014
12114
10865
8979
9857
5329
1834
14037
3603
13492
14327
12147
4091
7575
9102
1848
10204
1724
6073
12307
7252
7835
12019
13178
12498
250
12971
451
12232
7626
4497
1184
11962
13250
3017
13717
4503
14088
3138
14455
13933
13751
6781
12125
10602
9478
1746
2050
1658
12039
12922
9029
7339
7928
1517
13213
2202
914
6272
10677
4142
6516
9515
11292
10436
14375
13528
12059
12761
13223
5024
853
823
5711
4271
12891
2823
7092
12758
8415
7282
2027
12394
770
10989
5978
2239
8262
7183
8876
2385
12074
7464
12889
11174
5435
4633
934
3402
6884
11032
4254
1050
8733
10211
8101
7564
3057
6380
9550
9731
1409
8988
7099
13366
1547
6615
10849
12647
11881
6512
5812
621
1606
3568
445
9541
12773
13927
9514
7666
6378
3515
8968
430
6947
2496
487
14462
13248
9373
13115
11643
3408
2422
10245
9421
11513
1694
8510
7686
11222
1408
9778
326
11291
626
4350
2660
1870
6338
4756
6799
4953
12101
10447
1456
1854
6421
6416
1830
11492
12839
12310
9752
9259
12908
8700
6502
13433
3995
5959
14159
6831
3099
10156
3387
6570
11961
2630
12829
10538
11376
11745
8943
14168
4504
12639
10889
9772
1828
2069
14335
6700
7145
13300
5075
6202
14201
12746
2817
9577
8172
10495
57
12186
2844
13386
11260
5436
12293
3838
6076
13671
9606
4636
1442
9645
12977
4823
3037
13172
1818
11922
6793
10151
13045
9378
6343
12762
8219
3817
6613
439
751
10071
11668
2912
9427
13980
14279
12288
3400
883
199
4991
4534
5947
1319
5207
4569
13697
10184
11756
10193
4741
8387
12490
1488
3752
11839
4645
10798
9430
4644
13168
2743
9590
11098
6753
4064
668
3418
11456
9500
13237
8679
4307
459
7181
1749
6835
7139
4805
4272
3471
12966
5269
8665
301
12720
779
12239
6152
468
11920
180
12303
11926
8178
8147
12688
3586
5647
10359
5248
6564
9005
7108
8216
2727
4679
8784
14152
2293
7290
3834
14177
714
12006
4975
60
4262
1010
11923
7062
6095
2183
12262
13380
8478
961
8871
10716
13457
10304
4241
11413
8302
14523
1964
10840
4120
12604
4031
5339
13094
3357
7264
105
4376
3247
1706
8417
10360
3033
4763
7434
2181
13103
1478
13116
9557
7551
5592
1520
4187
8268
10258
8423
11602
14298
2745
7323
10566
5523
8088
13130
5127
1472
11126
8368
497
5842
9677
10666
9028
4036
10435
14115
14243
12117
12780
6672
3301
3382
11091
3574
5595
11771
7185
3462
6209
8058
11440
11916
9254
2403
13171
14096
8520
10850
11070
12417
4426
417
9492
13057
8085
13629
5898
3641
284
11097
8031
5019
9084
2212
8775
1634
2635
6123
2501
2053
10883
11309
5465
7365
3028
8955
5668
4537
12949
1721
16
7373
13767
1453
7706
10933
11700
981
8909
6678
8271
1961
6940
7850
6086
3697
6273
6561
4626
572
10461
156
3867
13452
13037
14560
758
6920
7556
1958
4133
5159
4038
4869
6174
7608
2962
11274
2748
793
14332
5687
3331
3841
10769
3756
11081
4171
10083
2956
11824
8087
6083
5449
2430
2146
5802
13127
5225
1971
13313
12895
13287
12188
2657
11019
4526
9594
1147
6046
10028
6554
3524
1790
8763
14142
10059
3316
9830
8014
6050
102
5531
2479
9854
4885
4199
9743
3409
6340
6633
12158
10319
7659
6390
3543
6809
7087
8636
12944
9490
11798
786
3184
8543
14221
11089
11483
12781
28
7535
3724
9092
4775
9438
2223
1203
3712
4886
5743
4423
1129
170
10707
634
9257
9476
9548
10354
578
4521
11029
7877
842
12909
6100
13169
2143
4560
5110
14258
11943
88
1101
5143
4442
7870
10293
10286
14285
10721
10357
8313
5758
12588
7566
8220
6479
6611
860
9310
1636
142
3637
4582
12800
5750
12734
3206
978
14040
6189
5751
6939
1215
6080
10227
1900
2240
9558
1062
712
12539
7272
9748
4191
6912
1166
5328
9889
1088
13306
10832
10875
9826
12799
6895
5863
13727
4523
10002
12212
12251
9797
10637
13975
1017
3181
2114
2115
14580
9458
11266
5886
1581
6998
11773
13222
3213
5320
14502
9164
12435
2712
12185
10584
5134
7519
8823
13738
1230
9556
3420
2890
14348
7925
3988
7979
7111
3287
14270
10693
612
9446
5010
7208
7203
11190
2329
13963
8223
6810
13544
13967
9851
1698
2292
10572
7746
4837
8917
5098
9300
13897
12115
12326
4316
3986
8658
2450
4352
9842
10519
13360
912
7256
8940
9204
7833
629
9146
11837
11620
9918
7159
266
7762
1413
12043
2492
8314
8746
14112
12030
9615
5412
11428
2335
2429
5684
6518
7361
11730
7527
14150
264
46
7154
6816
3459
11118
4683
14367
6580
13506
6221
86
1160
3004
1755
1550
4535
6687
49
9098
13189
3602
4881
4298
9353
3143
2491
13532
8149
12233
3864
11283
9410
2850
5801
11484
3167
917
305
7384
9379
1123
13573
13497
6604
2106
2414
9217
18
7515
9057
6805
9335
1300
101
3563
3633
8138
1172
6089
1196
9480
8781
3570
9505
1652
10061
4642
7888
10206
4421
6119
8094
9879
13394
3618
2138
5845
4506
6663
13140
8253
1699
1344
9954
3091
7031
1549
7863
12967
7927
2998
8663
5635
11802
14536
11759
7560
1614
10647
4477
8545
3412
13868
14052
12855
3915
3404
4235
13634
11472
3854
1150
13342
10498
9695
1515
7137
2383
5103
13061
11184
12759
3305
3508
5671
13725
7579
12701
9624
14395
3481
11848
9266
8484
8887
8994
14059
13445
6931
11868
14435
1935
1846
4149
10743
3894
2877
3207
12452
25
9728
13414
9018
7473
920
12687
5446
5686
2458
11397
13131
8769
9290
1165
7450
131
7428
5639
12532
12742
8342
4785
5987
3500
4075
8604
8479
5803
11072
9172
6386
11065
5359
11550
6782
4846
4472
13730
1788
11242
9591
1124
6299
2524
8890
13318
11286
412
5239
713
14192
13983
7461
12324
6708
13965
7400
3280
531
1350
4443
7993
684
3795
1566
435
3536
1110
12646
1262
3328
2168
13617
2065
1823
6521
3953
2488
5952
5800
12103
2062
11209
3025
14340
4951
9661
940
11350
3517
7858
4490
4612
6872
9222
9503
6501
5841
6443
11023
11406
7554
10336
3884
8079
6634
12473
604
7134
8541
643
14579
8546
10398
12900
6409
10400
6567
10113
8334
11812
7432
7078
3267
4420
4458
10236
1897
5203
8651
12507
7989
3929
2896
14318
2978
7387
6298
1197
4048
10282
11101
9877
4069
1092
845
10511
1683
9006
6
6196
10729
11977
2943
4427
588
4528
7409
10444
7419
1037
10281
2522
3480
6905
4768
6601
3222
8845
10669
13259
672
9888
1687
13058
3362
6063
10727
1802
4668
2273
7293
4015
11642
6843
8467
1435
473
10968
7179
3322
10368
9633
8092
10929
7058
5485
3590
14207
4147
12327
14262
1498
2946
5241
82
8315
13878
7827
9017
3430
8422
5837
8374
337
11359
2720
12941
2218
8630
5022
12432
4977
10628
10597
1110
355
7224
203
13841
2982
5074
2141
9519
6618
4833
10351
7637
2121
11667
9364
573
5292
6751
7674
7917
8412
7972
11991
5481
12311
4940
11661
12253
13239
9980
13138
13240
9285
7451
2082
7641
1705
5970
10630
5982
10195
11645
11261
13256
13598
4335
3388
5295
13827
2257
12858
1286
9121
425
8289
14238
7640
10138
8420
11596
1673
10682
4801
11569
757
13154
10251
10510
1107
7910
14605
6598
3292
9277
6986
257
9392
7840
9776
1727
4853
12240
13122
8056
4226
4913
11613
12436
3934
12130
13073
9383
715
13645
4454
6630
8525
12482
3645
8436
13505
9771
11033
7133
9447
12552
8852
5473
6833
3320
9501
13948
2993
6923
5670
8850
7707
9365
10203
3243
7357
4102
11111
11709
8435
6359
2618
4665
11396
1990
8413
2298
12231
5879
1826
14606
4550
12171
4661
3174
9332
2900
12111
6812
4105
103
11866
5941
11583
10311
13657
9959
4086
3904
11502
2360
10114
13053
13846
549
9000
12789
2060
1056
12694
8646
11041
1872
4939
7452
13179
9213
6637
4817
7484
1604
8317
7225
6361
4292
10880
5368
11995
11684
6322
12214
13202
9207
9863
8946
9321
9360
9391
11998
1709
8160
6041
6227
9027
13694
6240
3373
12328
4473
10663
1195
13398
2208
11559
7516
14314
8881
10232
5468
6129
11937
3954
12248
1779
1521
1264
4297
2509
8575
9825
6847
9738
6137
2408
10306
7445
13062
10825
1593
7424
2931
11593
8036
11282
4281
10816
4219
2088
3518
4934
7713
12709
5334
7147
5572
10148
5728
8903
1374
5628
4446
2318
5563
4188
8142
12483
7116
13800
6074
10096
10212
14486
6557
2605
3890
3950
3064
9280
1379
9936
4463
10611
1054
10547
13450
13804
6125
4234
1903
2315
12280
4253
2113
104
2641
12937
8145
5754
10224
13569
8562
13416
12718
10592
3644
13194
3325
3552
908
7261
11782
3788
11519
8324
12994
8568
9987
3575
8332
3742
8895
2330
3453
3512
6433
365
7574
2150
3652
2920
759
11883
3758
5142
5646
2819
2043
13525
61
10843
9579
14083
5826
4460
2176
13887
12321
5018
14054
14359
5979
2314
8635
10172
5744
7790
5418
6121
6930
10972
1052
9625
12236
6307
8272
5695
2812
877
14154
8081
555
3826
13241
6830
11658
13132
12399
6666
7072
12727
4942
1167
918
5170
3719
2443
4392
12580
3858
9785
9733
12492
8307
4812
2071
11339
6111
9775
6002
753
1836
13077
5755
5574
13369
8783
1824
10831
5793
3115
2448
10873
8681
7528
4121
991
8354
6480
4326
7885
10386
2191
6655
13979
11850
1365
706
11381
13295
10074
5475
4495
1745
614
14417
12121
10609
5155
492
10639
8491
8447
7313
14402
2858
10277
6066
3141
1638
12589
14526
10625
3662
9359
12982
12936
5118
5798
2474
8973
141
6684
5281
10381
290
5156
2424
12178
13325
8410
11616
6225
5520
11241
2598
4373
2405
339
12567
8371
6541
5872
13795
14185
5962
233
5905
12928
9032
9576
13644
6008
6493
13851
8786
3658
6763
5588
3823
3564
1929
5792
12364
5311
6959
5882
8896
3941
5222
7690
8872
6550
12113
3131
12841
4160
5375
2544
10535
13752
3060
8932
9450
12144
81
4829
9504
2658
2714
13872
1105
6223
8548
14107
7567
1598
13247
3873
12491
5457
617
7825
4809
9356
10371
9039
10749
7206
10208
3294
571
10815
4220
7813
3707
4649
11206
12220
13922
4029
1176
4153
3928
14010
11941
6364
9895
11877
6952
5462
10023
6619
10384
5655
2562
11632
14473
8076
708
12553
14017
9802
3949
12475
14582
11106
4887
3943
3282
11947
1077
8221
5611
2769
2402
10582
13120
5026
11731
7343
10594
8792
12577
285
7386
12770
4759
1609
7028
14271
8033
11640
13024
3345
8338
12921
11071
3786
182
1438
9638
9672
5788
9445
315
771
10373
1949
6054
932
10082
11882
11788
948
9465
14143
13234
9034
5734
3962
6362
10528
12818
3285
9689
3640
1940
4462
306
12927
739
9303
6032
504
2048
3699
11330
5195
2163
5675
447
12381
10890
12064
7729
2446
9822
12444
8533
10622
13396
11319
4695
10325
7520
3821
9678
4277
4772
13447
10022
13355
11892
12320
6289
13088
8814
7353
14415
13326
13281
11518
5926
836
7223
5081
11545
10092
157
8753
7048
1759
4958
3955
6802
13902
11398
11617
6963
11598
8910
10228
4719
5400
396
3522
9489
3842
6654
8007
13584
14388
1513
13121
6861
3129
9834
5382
3270
11455
175
14396
11480
3582
261
429
10935
10736
3467
4799
13981
11711
9015
11974
5534
13857
2882
8433
3869
7906
10508
11476
12950
7089
7169
13156
10658
10882
4715
1380
12658
9838
5080
4485
2499
9551
9766
5697
11884
2076
6011
14555
4044
1907
5973
2278
4308
5581
9578
12548
12405
9658
5411
11243
12543
2985
6689
4878
2875
1655
3715
13042
9869
9901
6021
2595
4370
9003
13789
1385
11587
171
119
824
11639
13999
324
11388
26
2550
12163
5429
13885
62
11707
7391
4623
8554
9914
5994
1584
1899
3342
10945
11264
2889
2304
1692
7050
9052
7770
6237
9626
7063
858
6878
2301
11415
1316
5620
8481
8732
7360
9584
5603
7806
3666
788
1400
3469
7158
8
9528
7100
2077
8192
11002
666
12060
10790
6714
10848
11522
10712
6871
8873
8931
8107
10217
4500
7036
818
12275
2952
7654
2638
10750
11115
9794
8194
2765
1664
12388
8485
6750
2955
10235
9933
13095
10124
553
1930
13735
13029
13993
12054
11552
8686
10940
6112
5974
3845
5290
2825
4694
4749
11720
11011
7582
11326
5980
10759
1283
8752
10546
3356
12840
6877
14490
3581
13884
4419
1739
13089
4731
13527
2776
9516
6213
7694
8203
11678
11724
14218
6639
8947
12309
13056
4208
11716
3985
3577
1666
1411
8561
13536
6929
9068
2000
2611
2804
4266
3078
14248
4908
11086
560
10091
1538
11404
10118
6148
5506
11542
1051
4671
11495
2603
13650
5270
2089
348
11323
3796
6559
9866
4540
600
5137
4873
8584
9299
10648
10841
1473
13616
13926
10614
14239
1185
13952
6856
6746
5472
13803
7592
12128
7051
11590
10676
3963
13582
2413
13434
13324
1057
11255
12197
955
8273
8841
14499
4280
12229
7502
13791
9761
1238
11531
4356
9563
2840
10588
9622
12819
4484
1909
3158
4197
12779
10450
5057
12469
3260
11059
5507
5719
11324
3621
2337
3578
8427
12813
9314
9613
4629
8652
1808
13072
2294
10668
4608
5764
9939
12194
11735
1785
11136
13016
7839
3587
12581
736
2516
2074
11861
12360
3435
12875
3197
9932
3525
11698
5301
10645
2589
13173
12264
1892
2397
12735
10149
12642
9675
14295
13040
14211
8880
8830
3527
5705
928
10015
12021
9199
10191
11055
4751
10326
9571
12028
5733
5920
10627
13238
10733
7968
9710
12520
7718
2747
13858
5480
3495
7722
441
9469
4538
10575
14607
5550
3514
9389
4721
1179
7975
618
13275
118
12531
6733
1528
9912
1973
3391
8102
4583
9479
89
9426
5745
544
1817
12678
9249
426
9542
7477
184
5813
4283
2222
8506
14079
1003
8603
251
116
11619
11562
2860
10675
9680
11919
4359
5674
3191
12187
8970
12991
14608
9073
6996
5033
1667
8983
13966
9746
7274
952
6867
4170
13254
855
4797
805
4574
5345
5777
3879
5725
9080
9629
5226
13934
12572
14437
10514
1700
13896
12907
1115
11630
1662
9431
1188
1001
11652
7542
2485
11858
8991
8815
7073
10494
2122
1729
7990
2856
2137
13609
12923
5715
2540
1154
4391
7488
6517
4372
7398
9174
11829
2254
1649
1986
12993
13961
12529
1351
3866
8675
6671
12198
9488
11263
12569
9496
3701
8261
5682
1822
13497
8773
440
14376
3695
5094
13046
14443
7633
9574
4713
3547
2994
10438
4079
10261
13825
5029
10476
5171
7490
9125
9721
10820
806
12698
7878
3693
665
9216
943
10179
13608
5150
645
12238
12868
1601
13402
10598
11505
1104
72
5644
13425
14493
3317
12419
1076
591
3919
7774
12733
5407
3976
10080
6713
14178
2395
7865
4200
2268
404
12682
4169
4056
8275
7861
3266
1595
4750
11605
1462
12341
1019
6055
3952
14119
3050
7726
7740
660
1617
7743
5289
11015
10616
7918
2564
2461
3389
7157
5146
4724
13263
5535
12920
5116
9759
1008
11321
4931
718
13515
13347
11453
2599
12162
2055
9072
1336
5409
10374
10246
11049
8768
3160
10503
7727
9403
8355
10492
13555
10605
7991
3768
13350
4087
7929
8641
8400
13891
5181
8038
3343
5875
9230
9157
8432
2235
4450
13700
8703
8797
1027
10073
2756
9636
10023
10484
2333
12736
10365
4648
183
10158
380
10342
178
13097
4432
8888
482
12467
5128
2269
11723
13432
6596
340
5158
9582
998
8258
2467
1820
13726
3996
10744
8737
13098
11741
7402
2851
3921
12481
13836
10800
8110
65
13852
11293
3393
308
13860
10451
12315
273
14347
2014
8396
1979
8115
11329
11857
12208
8171
14363
6853
12751
9002
12940
12380
9699
6133
11997
1055
1997
3403
10915
11932
1459
14097
9113
10035
7021
7588
3045
13964
9593
2281
9119
10792
5454
9394
3152
14548
8185
10747
11981
6722
10102
10768
13695
7899
5500
450
3494
5852
10034
9848
12848
10629
13443
3492
14274
6770
4734
6226
13157
7606
4581
1345
10884
8512
12747
1173
7950
14450
895
13722
13110
5065
11921
11749
1025
8522
6169
13960
2056
1233
528
732
11695
8462
10020
10918
8616
1880
5778
11192
3136
4053
7053
8179
13183
7623
11164
13654
7245
2990
1592
9573
12062
2300
7404
6005
10237
9111
5249
11936
14483
5157
5560
3044
7946
4819
9581
130
13950
4745
11425
5961
7448
5847
13139
10943
841
1475
10481
4082
5827
8020
13440
5605
8623
4321
10424
9727
11523
5346
5597
749
10202
9110
10410
2067
1218
13151
10973
5606
11670
5099
12316
11553
14287
9288
8227
14599
245
10199
4165
2063
7255
9950
10291
8929
2570
14600
6737
10688
2821
485
11690
12985
1607
4024
5903
4773
14616
4729
12301
1992
14219
4172
3993
346
1925
6221
11851
135
9298
3982
7030
2597
6180
7915
12844
7549
10961
1947
9108
2199
14014
376
4425
6710
4278
4245
13870
1040
1646
13104
3530
389
98
12621
3584
7604
12749
5949
3531
9796
4319
10161
3392
13228
41
3636
4482
8819
11507
9043
8459
3730
480
2678
8318
10808
10988
12794
10008
9951
11100
10573
10147
11027
6881
14445
4771
8117
9376
2664
3396
11048
8581
5348
3125
14530
13776
11898
6394
5250
12586
4468
8754
10569
11863
456
10213
14062
2440
7581
2891
1952
7521
11686
9617
12277
12508
6466
14534
1282
14603
8727
11172
12591
10631
8569
988
2941
4041
6575
7565
10221
2833
9361
3622
14334
4083
1622
13821
10777
8717
10150
9170
2231
761
13737
10646
7810
2504
12964
6534
128
7033
12699
4000
11778
11269
7308
4483
4770
13642
3918
5679
4218
14127
8801
1271
13638
2277
6177
7648
12371
4447
13209
13334
1275
3668
8044
8097
13774
6331
14477
12755
6631
6626
6468
11591
4917
11603
6015
9334
9984
5913
8934
10438
7250
6638
2863
5762
1292
7251
10064
10957
1108
3915
4957
2560
13810
5995
6510
12274
14290
414
6090
6377
3011
6001
12389
9934
3709
9835
3470
12654
1182
10947
1934
5865
7586
9033
415
1632
1415
13903
2784
673
12304
11726
8660
5001
2937
6060
13264
3071
9944
2905
12181
14286
1796
5856
11928
2691
5616
3399
6508
3844
4161
13953
5767
13679
5683
14390
4980
4580
750
12450
4474
11054
11281
10554
6961
7615
5940
11751
14025
12488
5959
1959
11240
4642
8281
6218
6297
8438
4061
13600
11288
6150
13403
2093
6334
8431
12892
3897
11585
9547
9940
10346
9453
5487
7142
8807
13612
4019
8046
12533
6449
2432
14224
2463
472
9225
7200
5630
10963
13562
7625
12082
11610
726
7685
9726
236
8535
2097
6424
6978
234
1274
13235
13204
947
1892
9208
12721
7084
5191
14353
7824
2577
10146
2964
11790
6238
5299
9692
12592
7546
9202
12602
12765
6104
7653
360
8352
3916
8241
7188
2101
10846
10174
5890
1920
14337
4084
13298
11823
6058
5541
5529
8061
6475
11717
34
1985
8121
424
8388
10901
1490
1971
10107
13283
8098
7679
4995
7086
5950
3419
9840
6286
8981
13201
12550
5405
6018
1725
10763
3571
14535
5528
8177
11346
11143
5360
3433
9708
6868
3359
7407
3974
2861
9910
3465
9906
7483
6356
3093
8996
4380
747
6381
3272
1309
9569
5653
8184
3772
5709
13229
1835
898
1875
10088
9194
12618
13451
1793
2599
8369
4675
5549
3998
10198
6096
6743
11446
7778
6999
4349
8382
14587
4851
1504
9133
1977
7503
10562
4066
5100
3456
335
8894
7905
1164
10169
10314
13978
1087
14236
6857
5206
13601
5580
2923
13916
2225
3024
12287
1556
3302
10603
5513
951
9211
12622
7333
13740
10982
11606
12168
9498
8151
14030
5934
7319
2801
11911
14557
5850
6718
8309
2737
2600
12681
1340
4897
12811
13284
4573
6486
8454
14459
10795
4293
7469
12953
14116
1387
7229
3713
6319
12713
1869
6214
9395
13092
2934
3375
5210
222
4259
4118
700
6457
3546
10563
12729
7425
9718
13900
1249
11949
9526
7309
622
2325
1267
10010
6175
7242
12439
7219
3818
13199
7911
5685
9197
7876
9668
3128
10780
3030
10941
10489
12479
2365
4553
636
3906
240
1933
362
5168
6531
5493
6252
4478
8399
2855
5794
13529
12462
3061
10807
6880
12505
7403
5992
3983
14425
4949
6155
9517
13474
11529
3957
7227
6823
12282
2486
4181
10053
4804
13585
13309
2968
11815
9313
4983
8350
937
239
11073
6395
9339
10864
8482
13538
1861
10159
6230
10607
12206
13428
9047
1485
12739
4899
4859
2551
2841
12612
8594
5007
1042
14135
9696
10824
11327
4408
9178
7482
1228
14609
14209
4792
8901
7394
4099
921
1815
13863
9165
3803
8965
13372
9209
8531
1596
12369
12340
2469
14069
5123
14412
632
6006
5945
13233
3147
3899
7120
3230
4138
5720
1797
12266
10440
11364
4966
1007
10559
8676
1845
5455
4976
6025
1924
4267
6886
5868
13290
9042
3048
7305
2728
6013
5167
4965
13819
13770
6896
9702
5897
5211
1928
3300
11944
5721
1742
3727
1214
4505
1287
5282
2198
3118
11433
12113
2192
2827
6532
9144
9588
7530
2619
9525
7976
1801
5332
5837
12457
6739
13096
9602
9009
13083
12161
14413
10971
14132
4116
3523
12122
13674
11231
9575
13070
9086
4936
13523
716
13400
5062
1270
329
4275
7841
11093
11154
3111
2248
11729
14317
10713
9306
3188
12272
11718
5144
4994
3354
4150
8707
1126
6974
4591
5391
4062
12395
14384
2789
5036
2357
9664
213
9631
1590
11186
11010
8018
12109
13764
9659
3116
8796
12579
7076
7700
7022
7791
1058
5093
10934
13837
10320
8172
7595
10049
5714
9691
10094
8278
9589
14002
658
13802
2738
1157
9087
2170
13829
1118
4508
7112
11948
11768
1159
14440
14124
8250
5537
11459
9670
9097
9821
1761
11494
10905
13047
1089
11712
2249
12216
12958
12299
3840
11504
1072
114
9177
11799
7430
9508
8864
75
1080
14346
754
5002
8690
1837
913
13490
1678
12576
7891
13974
7191
10372
12628
6499
13236
7764
6162
4739
1754
13437
7836
9104
1111
5097
13631
8337
6075
5032
7986
9736
325
10401
12702
6832
1805
3123
980
5931
12801
7969
3447
1853
11675
2085
4694
11776
12230
14111
12367
10487
763
3780
3946
2039
14416
14449
12768
4901
941
4131
2609
13011
8486
2815
12356
10409
11342
12764
6023
2695
5703
2484
11584
4451
14104
993
1317
12106
5079
4646
14325
2508
9118
4604
14496
5526
13368
4692
11317
13906
5787
14117
8359
1532
2373
1433
11573
1332
10428
6913
7817
7101
6431
10171
3650
3193
2606
691
10673
3376
856
6791
10111
9402
1472
1190
4397
751
9762
11549
13395
7737
9765
5664
14305
5999
5324
10636
2989
10344
2321
4693
3372
1932
7598
13636
8077
3069
1541
9011
10478
4956
4998
4332
3857
5398
8843
6969
2303
2116
12518
163
8948
11918
7480
139
9284
11123
1600
8655
10858
7017
11138
11125
5415
12851
2285
7500
11367
8831
6379
8689
3708
14515
5691
14038
11173
13787
2545
10130
9657
4877
9993
14121
4926
4856
1939
2774
9056
11235
13649
9076
3216
13467
7728
7015
3238
12969
2711
6848
7417
5908
3299
12600
5453
9412
13997
13719
10770
1627
7745
4592
3394
7379
12142
7523
5140
10783
4338
14387
390
7750
11708
11964
6962
1703
6741
5425
8351
13289
476
694
13932
8439
8024
2967
11958
11994
11624
8590
3813
7629
3511
387
1887
608
9597
13606
14570
21
960
4682
1226
8051
8411
3076
12089
13513
13304
7696
6120
419
7609
491
8516
470
1082
13146
653
2771
13775
3237
6954
3663
9169
10225
12247
4368
10999
8599
13521
755
2364
10479
12510
5601
7628
9418
6265
5450
8699
10278
13928
3711
490
7466
13050
11896
14244
882
14011
1931
2128
11860
1626
3647
9860
9153
6548
11287
7673
3275
14013
1783
12824
3961
8747
3425
7475
5492
7781
10773
4861
2530
10011
9968
9878
328
9679
13699
3190
12319
7352
1370
496
2945
6263
13214
12428
7336
726
3678
8572
4693
14516
4405
11908
7894
247
11200
5624
6383
2013
1855
10403
14551
13
3537
14223
3397
5843
6400
9769
8659
11641
10981
777
4545
8473
13317
3265
11872
6446
11463
2537
10739
353
9650
5440
14292
6320
3878
14362
4930
1710
12057
3880
14597
1406
8647
742
2396
1307
10255
489
2363
12560
4774
4539
561
13272
7867
13779
685
1209
8335
8167
7421
4227
7201
4564
11449
14591
3441
4610
3245
11152
2486
2305
1143
8800
2197
14391
11834
10098
4251
11187
6883
5678
11316
354
6203
186
10711
1304
11844
8595
7715
4162
8009
9141
10842
1760
6858
839
6595
6316
6943
8256
159
14208
6141
2306
10595
9690
3820
4784
11416
11024
9151
2086
1967
11438
2229
3948
7543
3593
4441
8065
11607
9347
3377
5910
6474
5109
4722
3538
1227
4914
1858
13321
10446
8163
3997
4960
12623
3559
11673
8428
1090
2571
1189
13690
6693
14266
8188
8678
6740
13482
3139
12151
9222
7731
2983
6937
10058
512
1103
3307
8377
14055
1357
10813
7226
14175
12561
3423
9973
2256
12904
2953
11117
10698
2621
4735
2682
11450
8037
744
9030
3001
280
7956
4578
794
7233
8563
14181
11967
3047
14612
8239
3313
2616
460
13894
11800
3144
5229
12097
420
13420
10265
7390
5656
11615
5701
7780
13873
13898
5164
11734
11369
13311
13955
4660
8877
4395
5067
14006
8696
8174
5379
12611
3032
11763
276
11481
5986
11069
5335
11556
555
5135
8849
3043
5929
5123
7431
5874
9996
8407
4093
11122
5202
8045
10791
13480
6778
6756
5516
12175
10958
5471
1832
12665
13486
4699
6787
2221
2025
2511
10540
11199
10741
2080
2843
5432
6300
13517
12333
14508
6269
10623
6711
3849
7426
8719
4140
4100
4566
697
10452
8229
6553
6731
14409
2693
927
3745
8196
5073
14427
300
2263
7399
4875
8055
2205
11155
12976
9124
4714
5660
12118
9232
13026
13886
2871
3125
10041
9911
4340
8990
2645
10529
1966
12810
7126
13874
13297
379
3987
8632
11171
1710
14472
8193
11557
988
14145
5829
13373
7541
2455
594
14545
11460
4587
4576
7719
7182
7538
11399
12052
2528
13466
10303
8648
14064
1970
8457
1988
13378
14379
191
3898
4518
13989
983
12314
12912
8361
8062
8825
2574
2393
1565
11475
11204
13327
10382
13418
8687
4102
2505
3758
9995
5215
12852
14087
2026
2203
8738
12526
12850
2051
4174
3113
4480
7786
3080
663
10753
659
8755
2665
14060
5120
6380
7366
4720
1722
2462
5263
8730
5447
230
12150
14528
11036
10731
559
7267
6134
6463
3926
3797
14153
4156
10362
2172
13951
13628
9716
14249
6373
2020
6160
5020
13074
9941
10664
7698
10234
6981
7298
6840
7454
4255
1372
9293
7
13436
4204
9965
4874
4849
6440
12011
3314
4217
12095
7194
9990
260
9091
2810
8150
14255
789
1458
6142
6326
852
364
9786
7341
12816
1241
8816
1922
13762
9572
6866
11694
9740
11792
13747
10997
4813
3233
10417
7212
12866
11229
7767
3079
9909
9945
915
7292
7408
9367
3542
13995
7837
8105
10430
13958
6605
4641
4684
7465
13557
24
12420
10112
2885
10133
5219
6897
6349
11156
10108
488
8169
11779
5922
6514
9085
2686
6988
11687
9805
6454
11392
4434
635
6024
3930
1981
2037
10944
7287
729
8180
10433
4854
9188
8339
11253
1095
6241
14128
4065
2873
1240
10839
9439
1500
9103
11599
11368
730
8685
8589
11692
2188
9644
6766
2145
10655
2341
735
8207
4440
2052
6434
768
7106
12070
3296
10463
12137
6088
8711
8949
13843
1032
10916
6028
3166
11804
7607
8344
13242
5417
8590
8692
11589
11623
6584
4387
6159
8926
1035
1895
6271
1211
13677
1144
10896
6519
762
2535
8804
6563
11105
7605
7509
11838
6260
9724
7470
10992
6606
5775
4527
4782
10093
5943
6102
1352
12034
8198
12000
12100
9255
10835
8287
12661
1155
13864
11349
7312
2652
3319
4085
1671
4206
7163
8706
12865
10685
5620
6712
12191
10168
2495
889
4704
10062
9663
957
14439
3015
664
14259
12710
9040
13125
6059
13496
5859
493
9439
4857
1597
5732
13604
7068
9229
13431
9706
4273
581
9836
10414
13652
12406
3410
2585
1220
11657
1643
14293
3173
4902
6049
4948
11897
6609
13444
5300
12942
7995
1254
9899
7880
11436
4003
6973
705
10129
8927
3687
5614
9604
2796
2267
7085
258
10549
12068
10376
8242
7012
7440
6588
9134
2531
11647
3859
8913
7678
10837
2568
5186
3784
7826
6968
7168
969
12951
10751
2786
1766
2165
12486
6891
10379
11696
10847
5607
13065
6675
11917
12983
13406
3592
5559
8069
2632
10605
13377
1263
6649
9698
7013
12146
7131
8460
8080
13079
7814
11445
8274
5322
6985
5303
14421
13742
3196
4640
13488
4045
296
13481
4932
1564
12959
2185
1258
7453
4238
11895
9212
3814
3882
12521
10806
422
10975
12209
10106
3436
4207
9811
12424
2078
14521
3886
2139
11831
939
1675
8866
13363
13494
9444
1186
2658
6957
9641
2704
3900
7412
4314
9473
3682
11284
1715
5112
12517
5427
6800
8658
2790
2624
6934
2246
3759
1153
11275
10297
14569
13007
2914
11801
4632
13709
1138
8757
1540
1942
7763
5925
2773
13844
6695
4986
13749
10879
13835
3198
4196
7443
4867
1496
10571
13537
13718
4006
4824
11775
3384
3087
12954
4373
974
5573
7622
11280
7803
2270
2482
85
1169
2419
13768
4943
1639
8712
11338
11407
14070
12890
10706
12879
4567
4107
7652
1202
13531
12834
9565
3627
6557
10309
13299
13039
5394
13543
1070
349
5689
3572
13346
14299
9926
12880
1960
4039
5804
9320
1015
2999
14394
4126
6775
12574
6495
7511
10667
11113
7709
11212
7320
8493
11816
3615
1570
2793
12022
2296
11469
9507
6599
4338
4752
13516
11082
9400
12926
2290
5811
9424
13687
4787
10942
2294
12528
9819
5951
2565
4850
4619
6392
12094
10475
7411
8096
7886
7714
8637
8564
7951
4072
8276
6652
10458
449
6560
7014
1480
14008
674
3146
11931
520
1738
6371
7006
2736
4135
6405
3591
8002
8269
1551
13689
4764
232
4471
13914
4179
6911
7416
5629
10164
76
4459
872
2854
14229
6623
7864
10902
9344
3304
3779
10464
14364
3947
6246
8715
14275
14164
12465
4946
14541
4552
574
4798
13572
2753
2852
8291
12680
9887
7747
11758
2361
12235
13286
11820
6181
9031
14263
13015
9898
11933
4073
8916
12112
1911
7739
2671
6448
14481
6894
7385
5680
11592
1378
11821
7491
8884
6528
227
11629
10951
2108
10803
5878
4890
10353
10640
5851
1896
3055
11074
4883
6333
3415
8341
2187
3855
13566
6277
6549
5634
8032
815
752
14539
2323
12065
10178
9327
10681
12945
1305
12393
631
5851
2445
13686
2310
5136
9221
2284
9387
10661
3395
313
3303
12571
12456
7812
9036
14344
9201
7205
8639
3056
7768
11402
1120
7785
4754
13621
7585
9955
14180
9071
13780
1449
13471
3835
11581
14027
13128
3053
9872
5543
12263
6261
2779
9037
7684
8859
12992
9311
10537
5877
5482
8967
7798
2633
6715
8175
8779
14524
3124
2309
3816
12691
7533
6374
432
3051
1589
1269
1174
7392
14166
5092
3297
10730
11134
9777
6690
4976
8357
6602
6721
7518
14282
11539
2752
8972
9090
975
11034
9540
3403
11717
3670
14019
5569
10976
9920
8960
12440
7209
5279
8942
6916
3231
6997
7964
14026
1311
13354
5838
9957
14094
6702
4555
6146
4358
543
3177
7952
3059
5060
4168
7064
5558
8976
2348
11794
3232
4937
7994
4461
13384
4923
12401
583
6439
8627
2732
1464
13563
10046
1758
9270
12494
7204
13193
14044
4673
13195
3551
6290
13303
8249
13198
3848
10388
13904
3205
1149
7587
9408
9226
8536
6233
10788
3468
6312
14576
4
6282
13977
14254
12743
3729
4556
837
8114
13149
616
7152
11179
1061
3261
5735
2927
374
5726
13010
1310
6098
6104
8672
14288
4104
13038
1708
13568
7966
8513
12470
9646
149
7735
8756
13323
8200
14585
5105
58
14602
4597
11889
10539
7583
5305
4067
10954
5956
5068
8501
967
12502
11458
8280
11517
2437
8750
5765
8495
3608
7879
13136
14058
2670
9282
10724
2112
416
2708
8782
8798
4652
4289
3956
8631
13180
8736
244
7171
9533
4992
930
7354
14090
1038
3284
2258
12568
13412
11986
11110
6487
12608
898
6426
1359
10470
10860
5590
3370
9109
7367
4413
161
7974
13736
12918
7578
12359
1665
3606
9694
13826
10965
6389
7873
5090
13734
12549
9433
12190
6661
896
9972
6901
12916
3219
9549
5257
11165
3183
891
10513
7937
3533
7018
1561
2809
1544
10144
14610
1831
14414
7074
6496
5344
9020
1112
9183
14618
935
8780
7545
1890
66
11846
6419
12599
14351
925
8794
10817
9045
9764
9832
5486
12527
10268
10854
7818
6204
13427
148
14553
1135
8924
8144
7980
9814
13004
4339
8237
10100
1065
5806
5579
13187
14558
2651
1479
12430
9931
2587
2591
10862
8861
11233
9978
10198
214
9471
1273
12468
1470
7002
120
3338
3970
13086
627
10243
7815
6977
7066
11219
4681
7953
10037
10076
619
358
609
8052
12653
13653
9137
5406
11197
5522
2100
9384
12460
1976
1809
12347
7174
7808
14147
5262
8499
11076
13453
970
10755
830
3009
2973
4706
831
10024
5548
7802
12812
12174
11343
9468
11796
9060
526
6505
351
6350
12463
5259
7601
12223
7550
6826
8370
7468
356
9511
4547
7348
11985
2313
2787
13924
12023
7805
3367
6645
9751
3851
6972
12047
5014
9981
1417
7280
5226
1200
4625
13129
11094
2502
10557
5953
11423
3728
3763
7176
13692
10425
3360
9841
10867
2299
9382
1308
7292
9168
2536
12500
8416
12139
12286
9100
8867
11544
10534
224
8803
9136
11320
3446
13920
2425
1242
8993
8414
6811
10977
5676
3062
7096
6663
5037
13842
12873
10642
14276
10810
12373
8154
12692
7890
10419
11516
13389
5008
4945
11703
4412
3787
10822
4691
9449
13746
14542
11360
6846
3940
9562
12546
13760
12808
12803
11844
7820
1418
10720
4438
9070
13121
13182
6337
10785
8445
1548
9059
1246
13656
1702
9126
2451
14333
1648
11418
11514
3332
255
4659
293
9868
12712
5218
14352
734
6342
12489
4152
11689
1360
1346
13383
4375
3084
2449
9502
10308
5672
8164
14475
5276
8136
7244
8130
1451
6677
331
7960
13231
10128
5895
13565
5862
3935
11356
6441
9688
4401
7497
10758
4664
13969
7985
2910
2460
13632
13253
14470
12155
13006
12835
4328
112
12129
5622
11151
873
9592
7940
7161
10322
9798
11340
14406
7844
3215
12656
7044
10019
6537
7596
11575
10296
3014
1394
1285
4882
4136
8165
821
9974
4237
6056
10366
9244
1800
9535
4209
4163
12446
10466
13332
9531
13333
12683
13014
2685
13078
6369
12975
12148
5968
14028
11084
3217
10742
12267
3010
6792
567
8331
707
7493
3023
1358
4827
2969
7177
13294
495
1083
14488
13049
6467
8915
9755
7769
6991
9235
2045
7047
11301
1591
13102
1958
5965
3565
7882
6294
4113
9342
9608
7172
10746
14137
9355
9377
1913
3718
8003
14315
7752
4771
14601
8649
5185
1031
2379
12080
10139
9072
11421
6191
8855
13155
9741
11570
1467
4198
1328
8137
2668
8503
9789
14426
9214
1280
2404
6470
14398
3553
13331
3371
2904
4033
1119
9363
738
11208
5736
6135
13224
1569
5739
7724
10378
4005
994
13508
2033
4860
2043
6014
4517
11890
6115
906
13441
1482
4184
10488
7832
1326
9470
13107
5072
111
1910
8774
2374
13866
5182
262
12007
13185
10678
8483
4043
14543
10105
8742
14583
5710
7884
281
8296
10307
3917
7389
6149
10779
6636
5766
8810
11299
6354
9319
7344
5377
12898
13220
4229
2653
3003
10911
7965
12823
7508
7959
1529
6535
3604
12005
3944
5420
8011
6257
11218
12990
6412
8345
2792
7857
1740
3007
5876
14484
9390
2345
10930
5988
1481
13589
6268
7438
10830
3815
5169
1004
2317
2331
12666
3390
2519
164
13615
11063
3185
5814
8208
7331
1582
12418
2058
13769
9991
12354
5343
8927
14126
14339
10249
7639
1636
13839
5224
5296
1586
6844
2421
14419
6938
11373
11697
7869
6094
13027
1610
10318
5043
7904
2498
5180
14085
13041
10634
11473
2788
6845
7187
1536
1422
1619
8728
10725
8670
3449
5426
857
9953
6417
10545
13881
5174
14167
3281
12032
12515
10834
6760
775
11854
369
4870
9184
7562
12911
8251
7926
9291
8231
2378
1893
8384
8654
7318
1686
8997
312
5096
6344
562
6650
5912
9264
9998
4333
10187
554
6679
4002
11713
5434
10967
11422
7359
11380
14537
126
12690
7371
8470
3200
4342
5652
10194
10638
2659
10907
4835
13526
10925
12219
7437
1404
2623
1235
7129
8310
1300
3607
14273
14105
10860
1795
579
5089
13664
2216
5047
1216
7627
6683
13570
5849
12948
6640
3505
12596
6723
6151
6003
4634
12556
10500
9041
12679
6680
8558
452
3306
3979
7079
7537
6009
6924
4843
7232
7247
11979
2129
2795
297
13890
10524
3170
13068
3631
8057
5729
6309
11035
12270
7340
8777
1145
14474
3486
899
11294
12374
4022
5272
5113
12387
13551
8577
7618
3208
4178
6051
3448
4558
9405
2884
14057
12652
8824
12227
8389
144
12480
7487
5893
10201
11268
14529
8582
363
2481
9156
3137
12605
14203
9308
7301
11631
3671
5899
5393
3298
9484
8918
1772
7570
11244
5153
10851
7046
8346
4852
13145
14581
10520
11377
7275
9867
14267
1856
11699
10328
9150
12542
13777
7143
8023
9026
13813
14342
9532
11527
10956
2797
2826
7534
783
3722
3990
14098
3221
7382
6674
6452
3490
3036
8772
5058
6558
10173
13637
13469
8601
7221
11728
727
10818
2366
11468
1022
5399
8074
13909
56
5071
10066
11239
5813
12
5421
1657
11038
14184
13152
1650
1751
14187
14550
11161
13106
9715
4666
11576
4435
8723
9025
12351
9155
14578
11295
5834
8464
2959
2613
2040
9050
792
1079
13051
8900
7289
377
13500
7155
10511
10643
3052
3457
13838
6653
9021
12250
9506
656
4572
8721
7213
5149
11787
6078
1142
1429
7955
10215
3623
9148
5722
14050
10853
6784
12512
7311
9551
9014
8283
4239
5602
3945
10323
4414
14034
8100
12640
6167
7376
14103
14373
2583
5085
14397
8624
2744
11315
443
13682
7874
7892
4614
428
13008
838
12318
6211
8340
3132
5564
8874
6222
10778
4282
11595
48
1842
249
5640
5046
4831
4225
13590
10970
9737
6779
8214
133
9319
1391
129
3172
690
5381
13946
80
10472
14235
11566
5615
7415
10247
10223
11732
11103
6264
8247
1644
9265
8762
10429
3706
12670
4767
5706
10456
30
1021
8626
11083
2741
14489
12557
13571
3629
2655
1744
2921
4605
1248
10591
9411
2064
1843
8186
5064
9773
570
11249
9735
7478
4590
9960
949
9754
10329
2538
12017
2754
9739
10422
8553
14204
3291
14240
4941
8078
8116
4669
5279
5397
10163
2416
3822
3980
12308
2697
11378
1401
11797
14356
1382
11224
167
4203
624
6642
9666
4620
12894
4520
11401
4374
5205
11336
2228
826
6942
1948
3315
12051
2680
5352
6310
5998
12995
1704
4672
5152
6554
1041
5909
13001
7195
12607
9167
3117
2556
2490
265
13577
4035
1381
10544
11250
7271
1131
12385
4117
784
13177
10608
7828
7612
14307
14614
11893
1440
2975
8405
7447
6477
5438
4674
12302
4047
3405
8592
13082
743
8049
8408
12455
6909
1039
14241
13622
12124
12555
8141
7935
3340
8466
8218
13954
205
9100
9261
6635
5232
9143
6045
7513
10826
7933
92
5051
12784
9745
6900
10238
7297
9642
11306
11331
411
14296
6208
9115
618
14084
13181
2356
1732
2944
10075
12076
3503
6234
944
8255
7294
2513
2428
4631
6767
2763
10457
1963
1486
2571
6484
11198
6964
1631
1833
7332
10612
7517
4074
6646
4737
7692
11148
4689
568
626
5309
10039
5737
10998
13691
7765
11969
10119
7705
11305
8390
5727
3253
8126
10717
8223
5619
13430
4577
1530
1819
2169
6660
5828
2772
2869
6301
11982
14399
2768
5584
1518
1882
811
9674
9519
11370
8555
11193
17
2749
6758
1713
10551
6194
7439
11372
5638
4123
2816
6949
3847
304
9847
4294
3659
10797
14456
7665
3960
9013
13549
3660
11259
5112
6851
9106
10176
7897
14371
1811
13624
8073
10006
2719
12603
505
13876
7525
3502
8316
12268
3224
12565
14538
8498
14510
11298
11146
6625
7555
2494
12593
14458
484
5464
5870
13419
12963
2266
8119
2906
4898
7632
6206
12984
8817
11202
1998
6239
3038
5384
3778
7507
9357
8263
4157
5428
958
9884
13411
35
2241
2227
9520
10633
10697
5050
13460
12472
1994
3667
1320
6971
5773
12896
2667
3255
11612
13889
13773
6814
2261
1100
10585
9513
7613
5035
7901
242
13541
2584
9190
5833
8127
1879
11832
11050
7269
8300
1884
10086
12110
13658
12044
11777
6432
3691
4301
5386
8835
4746
2548
7007
4127
11664
13556
7546
4422
5977
767
10004
4202
5194
976
13478
13484
10861
10081
464
9808
7782
9245
2672
11447
12421
359
11572
11210
6633
1587
10576
8176
198
10120
4677
1849
6603
5495
7130
1402
12107
11899
11534
1784
2394
11191
2650
4981
13216
6107
2104
1791
4970
11750
2295
6375
4305
12707
8225
6279
6658
6617
11904
3256
14210
5220
3334
13302
4541
7558
10272
12648
7749
9585
5338
3794
9455
5372
1407
7334
8083
4927
8971
129
10892
1253
2829
3348
1232
12956
3000
3972
9855
9048
887
11470
267
8243
3579
2286
4455
14312
14592
10264
13167
9725
8708
9783
590
678
11078
7744
11256
9852
6186
5636
7716
6403
6382
6085
10099
13498
1335
1574
13530
14172
12669
12753
5172
7800
212
8921
10690
4193
8789
12254
13605
14257
51
10196
7254
1656
7306
7322
7963
3257
11322
9683
2233
12046
1764
6295
14144
5704
6592
7760
9246
8434
5848
1144
10543
8162
7281
6819
4825
3863
10341
6590
2947
10394
146
11594
12582
5525
14302
1
4701
1757
6838
2608
3750
5933
6329
12616
3560
13750
1965
6035
2759
2844
13357
2715
4299
2757
11258
4716
10618
3922
8837
1191
9630
12071
4389
9656
2194
14401
10190
8212
2878
3381
122
10830
12728
15
10497
12344
9107
5040
3862
4429
2219
7295
3777
551
9653
4334
12048
4889
2399
886
7395
9839
8587
4114
209
8206
8640
5819
2644
2627
5957
10619
3058
5716
1035
12045
5626
1617
8872
11740
4544
13917
11443
12176
8252
5251
12795
564
2908
7773
3186
3496
10490
5561
11149
12375
8998
3130
2974
10205
1457
8404
4180
13879
4822
9024
10165
11217
12408
9267
6465
13998
6921
2518
4879
12513
9419
8570
973
8928
5654
8029
1572
10288
7077
7173
3472
1244
12232
7472
14620
7285
7919
8013
10200
321
12906
10699
10654
7097
3258
13540
1288
3211
6229
3330
12998
14020
2280
3485
11817
9023
880
4748
218
6398
10157
87
9329
10617
12434
4452
9856
1568
13044
8343
6198
3286
2838
14049
14260
200
12020
10017
1767
11753
5216
7148
3625
14161
13748
7662
4676
10031
14182
11945
11810
9116
8764
1016
8666
13613
11310
7435
6332
431
3868
12193
7801
14220
14554
4736
575
5056
7303
5539
990
13940
5287
4589
8211
5451
13190
4565
6336
11062
9943
4124
10016
6034
10845
2563
13108
9193
2517
1469
3657
13875
2171
3324
3398
6353
11627
8892
530
13226
3555
6438
13314
14193
1279
2725
9538
8598
14165
6069
6607
10380
3440
8813
7019
1156
14222
6736
13483
14571
6177
12809
4406
6720
8941
8771
3077
8576
911
8695
2636
13407
9256
10242
6892
7330
3070
3521
10027
2355
13651
150
2803
785
6068
9491
7388
4366
7771
8739
2370
12807
11133
7109
6203
8010
6545
7218
11853
11142
5437
5314
10722
9472
717
6130
9883
4670
14110
378
6128
8731
2731
3824
7619
4464
8205
1029
2035
3013
8939
4300
3168
6163
9893
2761
11561
6862
9524
4944
13473
14349
7971
764
391
7634
14501
20
4034
13550
2156
12177
4708
12004
1075
4060
9892
14021
5
11785
13576
2610
11099
10116
7192
2327
3939
11564
6478
4643
4097
13336
4216
1972
10335
10507
12551
185
10568
3964
2892
13117
14194
6033
3432
1554
6088
12471
12211
8040
11141
9495
4265
9885
7215
6038
10207
11414
11010
238
3242
5214
12902
5086
11856
12382
7999
11374
12016
577
7444
5160
3120
3556
7691
8246
12336
5948
1122
7082
1752
14217
3992
478
5756
12878
3741
13834
1067
11541
8292
5577
10525
7471
12783
12585
10917
317
13147
14374
14170
4494
12910
12674
12716
7934
3250
11064
7113
10866
6418
12027
9665
2436
12377
97
11362
2702
398
7334
9685
10804
12279
7364
5981
9231
7616
2710
7958
7165
7369
10469
7628
13909
13316
2580
10347
7121
1938
5864
6735
1036
4967
9010
1720
14511
6482
9652
7160
10793
12276
13301
10003
946
9947
2328
12867
11042
4996
1735
10579
287
4964
1980
2244
13409
11075
11430
7210
7742
4639
11563
2087
6824
1314
5772
1684
6818
5713
7423
1330
3204
1393
5476
1576
12805
2001
2371
13784
11439
7600
9485
7414
2186
6889
9251
8426
5404
9452
202
3227
14316
5617
2724
4818
70
8143
11318
8159
3767
10565
6109
6077
8613
2909
7856
2981
14148
3383
8838
6043
4515
12947
2177
6500
237
3349
1838
5442
14281
1116
8091
5503
7649
382
5424
7932
5310
6284
4291
7052
14130
1177
11267
2997
10754
11467
11043
8041
1371
4465
5731
9897
1295
9443
5376
4821
13413
14
509
12160
6236
12559
10737
3202
8106
11365
2107
4110
5888
7279
5297
10295
2566
8129
5084
1891
3335
13937
4987
13059
8238
403
10197
9152
8673
8620
10774
14566
819
8191
2966
13267
12260
11582
10182
9534
4247
11272
8155
3228
10570
8507
6413
8424
12763
13462
5129
13811
11207
9440
10477
3126
4935
14176
6047
7688
2706
3155
3580
14329
11747
13919
14123
7539
4144
270
12962
2590
7862
5916
6097
3966
4109
14294
14590
1730
11296
11543
10553
9970
3482
12338
2046
10626
6953
11760
5966
965
4855
5930
10340
13660
5881
9924
13918
2669
12466
5385
13315
8437
12152
1681
7107
12737
11701
2881
2123
1978
8075
8556
9985
12329
910
12943
12431
3264
1503
7217
3601
11001
9723
13023
3887
6704
4838
980
866
12662
5594
7900
12843
782
7090
6345
13847
189
595
13753
4361
1367
10874
2196
9580
4467
1558
11540
2018
7921
2639
3655
2344
1198
10025
8818
132
14280
12817
13141
7908
2701
5390
4431
8380
9781
5459
683
1905
2226
2515
11646
3223
3520
6385
5532
795
10298
523
6807
3104
1476
4762
6789
6318
13160
12732
10125
6131
7540
4617
12636
11247
3877
4173
7796
7920
8442
1293
11429
3122
1527
2260
9512
10349
10259
3521
1983
9916
228
9599
10453
12217
12826
4582
2245
3782
11390
2674
8883
10719
13208
1259
10735
10687
9623
3156
848
8607
5289
4568
3461
10781
5533
11999
1268
187
9075
7345
14422
4148
14226
3554
4125
1343
395
14289
8985
2190
5936
14141
12861
12334
10210
6498
4702
7150
4023
3239
12757
1635
8857
13340
5900
8321
3932
1383
2195
7405
1444
6692
6738
10515
14383
11688
5924
1867
9145
8614
2452
10993
9976
13113
9492
2742
10590
9457
5151
4710
3914
8905
3212
8054
8093
8006
1094
5996
13135
6187
6072
10732
11721
1516
10871
2547
10007
7939
7123
3460
166
8744
12587
14567
1002
1395
14338
2214
4371
14552
3310
11601
13197
7725
13258
1432
13375
14245
14252
12464
4727
13022
4186
959
8822
2596
3811
4872
8950
5857
9337
7573
2954
13345
9179
8868
5855
10485
13947
773
254
1183
4016
689
10895
11679
5258
4250
7823
12337
13766
7949
13126
8933
7875
6729
14343
6520
10404
13133
4579
10596
12886
4456
2567
10029
2473
11912
9655
10326
2140
12871
12724
8829
11294
6451
5702
515
1613
1245
5659
7413
533
3499
5967
9673
5133
12708
99
3416
6990
6667
3738
14234
9701
7383
10923
6839
5342
1181
12067
6808
7441
7003
12772
9799
3789
5763
10560
8008
12673
5663
13743
9301
4325
13502
10295
14407
2503
11653
10761
4155
3611
6366
5631
1950
10787
4488
14454
5198
4481
863
12989
6339
1750
3975
2874
10542
6184
11813
8793
897
3161
9686
9083
3241
8308
2649
3800
4615
13034
3142
11676
9066
10863
3477
5102
11925
13807
3153
7499
13422
13118
14345
3654
2160
2031
14617
6201
9564
4231
3187
13535
6899
10350
1276
8667
13093
14438
11715
10194
2845
11509
10966
603
1555
2656
12013
5333
9396
368
6168
1455
14392
5267
1557
8372
12913
11128
8606
2500
4426
9787
10089
1109
8964
8664
2015
5231
13472
8656
7467
1000
3326
3401
10367
11836
10620
9252
5536
12846
5145
5358
13830
3775
2677
1562
5466
9046
6081
4416
12914
10927
10254
9191
756
3054
6084
1668
9733
5604
4543
9610
13715
9929
10710
4962
4915
2820
3
3832
448
5204
12667
9779
7067
909
7631
6251
13503
6207
13561
3068
1814
13986
4686
10145
5165
2938
5825
10052
3159
12809
11474
53
1152
9269
6278
11927
8277
9333
6762
10756
4233
2343
7977
13112
8956
11046
6546
3909
5546
12588
2124
6608
10070
3426
8444
4050
8680
1852
7363
7410
10557
7506
2412
4359
6621
11620
7325
294
3035
4492
11170
13270
4519
5183
11273
11227
12641
12554
4622
5028
2389
9147
2540
9927
14434
216
8511
6124
6966
2164
8168
9872
1690
6244
9963
5935
1873
11257
10160
2103
12140
931
1865
9938
3455
7983
6476
13296
5349
6422
3726
12127
2542
13912
8911
4394
1736
14480
8326
4343
14261
10420
6583
1085
5039
4627
44
13514
1059
11185
4844
5958
13351
465
6040
14457
12590
12978
8811
12066
401
2936
11486
8828
1923
14308
13501
984
9756
10180
8027
2997
4624
4969
9983
6026
4154
3688
3096
5034
5509
13387
5392
7661
2448
2930
6114
12874
10431
8472
